qseqid	sseqid	qstart	qend	sstart	send	evalue	bitscore	pident	qcovs	slen	qlen	q_perc_aligned	overlapped_bases	coverage_percentage	bases_covered	gene_name	new_sseqid	x_sseqid
50_R	NZ_CP137437.1	1	22105	14654	36758	0.0	38688.0	98.824	100	111591	22105	1.0	0	53.35	59529.0	IncR_1_pld1	SRR18543877_IncR	SRR18543877_NZ_CP137437.1
96	NZ_CP137437.1	63	1943	36751	38630	0.0	3349.0	99.522	97	111591	1943	0.968090581574884	0	53.35	59529.0	IncR_1_pld1	SRR18543877_IncR	SRR18543877_NZ_CP137437.1
34_R	NZ_CP137437.1	23168	43967	46202	67001	0.0	36814.0	99.136	47	111591	43967	0.4730820842904906	0	53.35	59529.0	IncR_1_pld1	SRR18543877_IncR	SRR18543877_NZ_CP137437.1
73_R	NZ_CP137437.1	1	6442	67001	73439	0.0	10427.0	95.886	95	111591	6802	0.947074389885328	0	53.35	59529.0	IncR_1_pld1	SRR18543877_IncR	SRR18543877_NZ_CP137437.1
155	NZ_CP137437.1	1	363	75390	75752	0.0	655.0	100.0	100	111591	363	1.0	0	53.35	59529.0	IncR_1_pld1	SRR18543877_IncR	SRR18543877_NZ_CP137437.1
56_R	NZ_CP137437.1	7531	15495	103159	111109	0.0	12381.0	94.521	42	111591	18909	0.4212279866730128	0	53.35	59529.0	IncR_1_pld1	SRR18543877_IncR	SRR18543877_NZ_CP137437.1
85_R	LR890623.1	2248	3389	1	1142	0.0	2056.0	99.912	100	3549	3389	1.0	0	100.0	3549.0	Col440I_1_pld2	SRR18543877_Col440I_2	SRR18543877_LR890623.1
198	LR890623.1	1	160	1143	1302	5.3e-76	289.0	100.0	100	3549	160	1.0	0	100.0	3549.0	Col440I_1_pld2	SRR18543877_Col440I_2	SRR18543877_LR890623.1
85_R	LR890623.1	1	2247	1303	3549	0.0	4048.0	99.955	100	3549	3389	1.0	0	100.0	3549.0	Col440I_1_pld2	SRR18543877_Col440I_2	SRR18543877_LR890623.1
168_R	NZ_CP040862.1	1	265	1234	1498	9.62e-133	479.0	100.0	100	263991	265	1.0	0	75.71	199879.0	IncFIB_K__1_Kpn3_pld1	SRR18543877_IncFIB_K__1_Kpn3	SRR18543877_NZ_CP040862.1
212_R	NZ_CP040862.1	1	140	1499	1638	3.25e-65	253.0	100.0	100	263991	140	1.0	0	75.71	199879.0	IncFIB_K__1_Kpn3_pld1	SRR18543877_IncFIB_K__1_Kpn3	SRR18543877_NZ_CP040862.1
233_R	NZ_CP040862.1	1	124	1816	1939	1.34e-56	224.0	100.0	100	263991	124	1.0	0	75.71	199879.0	IncFIB_K__1_Kpn3_pld1	SRR18543877_IncFIB_K__1_Kpn3	SRR18543877_NZ_CP040862.1
66	NZ_CP040862.1	1	11476	2401	13877	0.0	20451.0	99.529	96	263991	11979	0.958009850571834	0	75.71	199879.0	IncFIB_K__1_Kpn3_pld1	SRR18543877_IncFIB_K__1_Kpn3	SRR18543877_NZ_CP040862.1
53	NZ_CP040862.1	3154	19358	13873	30077	0.0	29220.0	99.994	84	263991	19358	0.837121603471433	0	75.71	199879.0	IncFIB_K__1_Kpn3_pld1	SRR18543877_IncFIB_K__1_Kpn3	SRR18543877_NZ_CP040862.1
235	NZ_CP040862.1	1	112	30249	30360	3.83e-50	203.0	100.0	100	263991	112	1.0	0	75.71	199879.0	IncFIB_K__1_Kpn3_pld1	SRR18543877_IncFIB_K__1_Kpn3	SRR18543877_NZ_CP040862.1
158	NZ_CP040862.1	2	335	30507	30840	1.33e-138	499.0	93.114	100	263991	335	0.9970149253731344	0	75.71	199879.0	IncFIB_K__1_Kpn3_pld1	SRR18543877_IncFIB_K__1_Kpn3	SRR18543877_NZ_CP040862.1
172_R	NZ_CP040862.1	1	245	31137	31381	6.330000000000001e-122	443.0	100.0	100	263991	245	1.0	0	75.71	199879.0	IncFIB_K__1_Kpn3_pld1	SRR18543877_IncFIB_K__1_Kpn3	SRR18543877_NZ_CP040862.1
100_R	NZ_CP040862.1	1	1723	31410	33133	0.0	3102.0	99.942	100	263991	1723	1.0	0	75.71	199879.0	IncFIB_K__1_Kpn3_pld1	SRR18543877_IncFIB_K__1_Kpn3	SRR18543877_NZ_CP040862.1
238_R	NZ_CP040862.1	1	106	33280	33385	3.79e-37	160.0	93.396	100	263991	106	1.0	0	75.71	199879.0	IncFIB_K__1_Kpn3_pld1	SRR18543877_IncFIB_K__1_Kpn3	SRR18543877_NZ_CP040862.1
235_R	NZ_CP040862.1	2	111	33724	33770	3.36e-38	163.0	92.727	100	263991	112	0.9821428571428572	63	75.71	199879.0	IncFIB_K__1_Kpn3_pld1	SRR18543877_IncFIB_K__1_Kpn3	SRR18543877_NZ_CP040862.1
67_R	NZ_CP040862.1	1	6616	33771	40386	0.0	11640.0	99.048	98	263991	11292	0.9805171803046404	0	75.71	199879.0	IncFIB_K__1_Kpn3_pld1	SRR18543877_IncFIB_K__1_Kpn3	SRR18543877_NZ_CP040862.1
67_R	NZ_CP040862.1	6837	11292	40386	44841	0.0	8037.0	100.0	98	263991	11292	0.9805171803046404	0	75.71	199879.0	IncFIB_K__1_Kpn3_pld1	SRR18543877_IncFIB_K__1_Kpn3	SRR18543877_NZ_CP040862.1
194_R	NZ_CP040862.1	1	168	45104	45271	2.5600000000000003e-80	304.0	100.0	100	263991	168	1.0	0	75.71	199879.0	IncFIB_K__1_Kpn3_pld1	SRR18543877_IncFIB_K__1_Kpn3	SRR18543877_NZ_CP040862.1
69	NZ_CP040862.1	1	6381	45416	51796	0.0	11504.0	99.984	100	263991	9650	0.6612435233160622	0	75.71	199879.0	IncFIB_K__1_Kpn3_pld1	SRR18543877_IncFIB_K__1_Kpn3	SRR18543877_NZ_CP040862.1
158_R	NZ_CP040862.1	1	334	52091	52295	1.17e-126	459.0	90.419	100	263991	335	0.9970149253731344	129	75.71	199879.0	IncFIB_K__1_Kpn3_pld1	SRR18543877_IncFIB_K__1_Kpn3	SRR18543877_NZ_CP040862.1
130_R	NZ_CP040862.1	1	556	52296	52851	0.0	990.0	99.46	100	263991	556	1.0	0	75.71	199879.0	IncFIB_K__1_Kpn3_pld1	SRR18543877_IncFIB_K__1_Kpn3	SRR18543877_NZ_CP040862.1
158_R	NZ_CP040862.1	1	334	66040	66373	6.9e-136	490.0	92.515	100	263991	335	0.9970149253731344	0	75.71	199879.0	IncFIB_K__1_Kpn3_pld1	SRR18543877_IncFIB_K__1_Kpn3	SRR18543877_NZ_CP040862.1
235_R	NZ_CP040862.1	2	112	66521	66631	1.52e-42	178.0	95.495	100	263991	112	0.9910714285714286	0	75.71	199879.0	IncFIB_K__1_Kpn3_pld1	SRR18543877_IncFIB_K__1_Kpn3	SRR18543877_NZ_CP040862.1
235	NZ_CP040862.1	2	112	85150	85260	6.920000000000001e-47	192.0	98.198	100	263991	112	0.9910714285714286	0	75.71	199879.0	IncFIB_K__1_Kpn3_pld1	SRR18543877_IncFIB_K__1_Kpn3	SRR18543877_NZ_CP040862.1
158	NZ_CP040862.1	2	335	85407	85740	1.33e-138	499.0	93.114	100	263991	335	0.9970149253731344	0	75.71	199879.0	IncFIB_K__1_Kpn3_pld1	SRR18543877_IncFIB_K__1_Kpn3	SRR18543877_NZ_CP040862.1
157	NZ_CP040862.1	1	339	88959	89297	8.500000000000001e-173	612.0	100.0	100	263991	339	1.0	0	75.71	199879.0	IncFIB_K__1_Kpn3_pld1	SRR18543877_IncFIB_K__1_Kpn3	SRR18543877_NZ_CP040862.1
220	NZ_CP040862.1	1	135	89338	89473	2.9e-59	233.0	98.529	100	263991	135	1.0	0	75.71	199879.0	IncFIB_K__1_Kpn3_pld1	SRR18543877_IncFIB_K__1_Kpn3	SRR18543877_NZ_CP040862.1
78_R	NZ_CP040862.1	249	4645	93102	97498	0.0	7912.0	99.909	91	263991	4825	0.9112953367875648	0	75.71	199879.0	IncFIB_K__1_Kpn3_pld1	SRR18543877_IncFIB_K__1_Kpn3	SRR18543877_NZ_CP040862.1
76	NZ_CP040862.1	1	5592	100128	105719	0.0	10085.0	100.0	100	263991	5592	1.0	0	75.71	199879.0	IncFIB_K__1_Kpn3_pld1	SRR18543877_IncFIB_K__1_Kpn3	SRR18543877_NZ_CP040862.1
158_R	NZ_CP040862.1	1	335	107915	108249	1.2399999999999998e-170	605.0	100.0	100	263991	335	1.0	0	75.71	199879.0	IncFIB_K__1_Kpn3_pld1	SRR18543877_IncFIB_K__1_Kpn3	SRR18543877_NZ_CP040862.1
235_R	NZ_CP040862.1	2	112	108396	108506	1.52e-42	178.0	95.495	100	263991	112	0.9910714285714286	0	75.71	199879.0	IncFIB_K__1_Kpn3_pld1	SRR18543877_IncFIB_K__1_Kpn3	SRR18543877_NZ_CP040862.1
150_R	NZ_CP040862.1	1	397	114000	114396	0.0	717.0	100.0	100	263991	397	1.0	0	75.71	199879.0	IncFIB_K__1_Kpn3_pld1	SRR18543877_IncFIB_K__1_Kpn3	SRR18543877_NZ_CP040862.1
181	NZ_CP040862.1	1	196	114551	114746	1.94e-95	354.0	100.0	100	263991	196	1.0	0	75.71	199879.0	IncFIB_K__1_Kpn3_pld1	SRR18543877_IncFIB_K__1_Kpn3	SRR18543877_NZ_CP040862.1
188	NZ_CP040862.1	1	183	114747	114929	2.04e-88	331.0	100.0	100	263991	183	1.0	0	75.71	199879.0	IncFIB_K__1_Kpn3_pld1	SRR18543877_IncFIB_K__1_Kpn3	SRR18543877_NZ_CP040862.1
242	NZ_CP040862.1	1	102	114931	115032	9.01e-45	185.0	100.0	100	263991	102	1.0	0	75.71	199879.0	IncFIB_K__1_Kpn3_pld1	SRR18543877_IncFIB_K__1_Kpn3	SRR18543877_NZ_CP040862.1
160_R	NZ_CP040862.1	1	328	115169	115496	7.67e-167	592.0	100.0	100	263991	328	1.0	0	75.71	199879.0	IncFIB_K__1_Kpn3_pld1	SRR18543877_IncFIB_K__1_Kpn3	SRR18543877_NZ_CP040862.1
218_R	NZ_CP040862.1	2	116	115498	115612	2.5700000000000003e-47	195.0	97.391	98	263991	136	0.8455882352941176	0	75.71	199879.0	IncFIB_K__1_Kpn3_pld1	SRR18543877_IncFIB_K__1_Kpn3	SRR18543877_NZ_CP040862.1
55	NZ_CP040862.1	7219	19021	115598	127402	0.0	20922.0	99.314	62	263991	19021	0.6205246832448347	0	75.71	199879.0	IncFIB_K__1_Kpn3_pld1	SRR18543877_IncFIB_K__1_Kpn3	SRR18543877_NZ_CP040862.1
157	NZ_CP040862.1	1	339	127403	127741	8.500000000000001e-173	612.0	100.0	100	263991	339	1.0	0	75.71	199879.0	IncFIB_K__1_Kpn3_pld1	SRR18543877_IncFIB_K__1_Kpn3	SRR18543877_NZ_CP040862.1
220	NZ_CP040862.1	1	135	127782	127916	1.61e-62	244.0	100.0	100	263991	135	1.0	0	75.71	199879.0	IncFIB_K__1_Kpn3_pld1	SRR18543877_IncFIB_K__1_Kpn3	SRR18543877_NZ_CP040862.1
93	NZ_CP040862.1	1	2179	127917	130095	0.0	3858.0	99.266	100	263991	2179	1.0	0	75.71	199879.0	IncFIB_K__1_Kpn3_pld1	SRR18543877_IncFIB_K__1_Kpn3	SRR18543877_NZ_CP040862.1
129_R	NZ_CP040862.1	2	558	130232	130788	0.0	996.0	99.641	99	263991	558	0.9982078853046596	0	75.71	199879.0	IncFIB_K__1_Kpn3_pld1	SRR18543877_IncFIB_K__1_Kpn3	SRR18543877_NZ_CP040862.1
157	NZ_CP040862.1	1	339	130789	131127	8.500000000000001e-173	612.0	100.0	100	263991	339	1.0	0	75.71	199879.0	IncFIB_K__1_Kpn3_pld1	SRR18543877_IncFIB_K__1_Kpn3	SRR18543877_NZ_CP040862.1
54	NZ_CP040862.1	1	19252	131128	150380	0.0	33783.0	98.93	100	263991	19252	1.0	0	75.71	199879.0	IncFIB_K__1_Kpn3_pld1	SRR18543877_IncFIB_K__1_Kpn3	SRR18543877_NZ_CP040862.1
193_R	NZ_CP040862.1	1	167	150643	150643	3.79e-78	297.0	99.401	99	263991	168	0.9940476190476192	166	75.71	199879.0	IncFIB_K__1_Kpn3_pld1	SRR18543877_IncFIB_K__1_Kpn3	SRR18543877_NZ_CP040862.1
194_R	NZ_CP040862.1	2	168	150644	150810	4.62e-77	293.0	98.802	100	263991	168	0.9940476190476192	0	75.71	199879.0	IncFIB_K__1_Kpn3_pld1	SRR18543877_IncFIB_K__1_Kpn3	SRR18543877_NZ_CP040862.1
80_R	NZ_CP040862.1	1	4473	150955	155427	0.0	7982.0	99.575	100	263991	4473	1.0	0	75.71	199879.0	IncFIB_K__1_Kpn3_pld1	SRR18543877_IncFIB_K__1_Kpn3	SRR18543877_NZ_CP040862.1
130	NZ_CP040862.1	1	556	155428	155983	0.0	1003.0	100.0	100	263991	556	1.0	0	75.71	199879.0	IncFIB_K__1_Kpn3_pld1	SRR18543877_IncFIB_K__1_Kpn3	SRR18543877_NZ_CP040862.1
158	NZ_CP040862.1	2	335	155855	156188	1.17e-126	459.0	90.419	100	263991	335	0.9970149253731344	0	75.71	199879.0	IncFIB_K__1_Kpn3_pld1	SRR18543877_IncFIB_K__1_Kpn3	SRR18543877_NZ_CP040862.1
130	NZ_CP040862.1	1	556	156612	157167	0.0	990.0	99.46	100	263991	556	1.0	0	75.71	199879.0	IncFIB_K__1_Kpn3_pld1	SRR18543877_IncFIB_K__1_Kpn3	SRR18543877_NZ_CP040862.1
158	NZ_CP040862.1	2	335	157039	157372	1.17e-126	459.0	90.419	100	263991	335	0.9970149253731344	0	75.71	199879.0	IncFIB_K__1_Kpn3_pld1	SRR18543877_IncFIB_K__1_Kpn3	SRR18543877_NZ_CP040862.1
75_R	NZ_CP040862.1	124	5876	157664	163413	0.0	10175.0	99.235	98	263991	5876	0.979067392784207	0	75.71	199879.0	IncFIB_K__1_Kpn3_pld1	SRR18543877_IncFIB_K__1_Kpn3	SRR18543877_NZ_CP040862.1
165	NZ_CP040862.1	1	299	163414	163712	3.83e-151	540.0	100.0	100	263991	299	1.0	0	75.71	199879.0	IncFIB_K__1_Kpn3_pld1	SRR18543877_IncFIB_K__1_Kpn3	SRR18543877_NZ_CP040862.1
244	NZ_CP040862.1	1	99	163713	163713	1.58e-41	175.0	98.99	99	263991	100	0.99	98	75.71	199879.0	IncFIB_K__1_Kpn3_pld1	SRR18543877_IncFIB_K__1_Kpn3	SRR18543877_NZ_CP040862.1
245_R	NZ_CP040862.1	2	100	163714	163812	1.93e-40	170.0	97.98	99	263991	100	0.99	0	75.71	199879.0	IncFIB_K__1_Kpn3_pld1	SRR18543877_IncFIB_K__1_Kpn3	SRR18543877_NZ_CP040862.1
137_R	NZ_CP040862.1	1	490	163813	164302	0.0	884.0	100.0	100	263991	490	1.0	0	75.71	199879.0	IncFIB_K__1_Kpn3_pld1	SRR18543877_IncFIB_K__1_Kpn3	SRR18543877_NZ_CP040862.1
159_R	NZ_CP040862.1	1	330	164314	164643	6.34e-168	596.0	100.0	100	263991	330	1.0	0	75.71	199879.0	IncFIB_K__1_Kpn3_pld1	SRR18543877_IncFIB_K__1_Kpn3	SRR18543877_NZ_CP040862.1
127	NZ_CP040862.1	1	579	165514	166092	0.0	1045.0	100.0	100	263991	579	1.0	0	75.71	199879.0	IncFIB_K__1_Kpn3_pld1	SRR18543877_IncFIB_K__1_Kpn3	SRR18543877_NZ_CP040862.1
230_R	NZ_CP040862.1	2	94	166094	166186	9.17e-40	168.0	100.0	74	263991	125	0.744	0	75.71	199879.0	IncFIB_K__1_Kpn3_pld1	SRR18543877_IncFIB_K__1_Kpn3	SRR18543877_NZ_CP040862.1
125_R	NZ_CP040862.1	1	667	166186	166852	0.0	1204.0	100.0	100	263991	667	1.0	0	75.71	199879.0	IncFIB_K__1_Kpn3_pld1	SRR18543877_IncFIB_K__1_Kpn3	SRR18543877_NZ_CP040862.1
158_R	NZ_CP040862.1	1	334	167140	167344	1.17e-126	459.0	90.419	100	263991	335	0.9970149253731344	129	75.71	199879.0	IncFIB_K__1_Kpn3_pld1	SRR18543877_IncFIB_K__1_Kpn3	SRR18543877_NZ_CP040862.1
130_R	NZ_CP040862.1	1	556	167345	167900	0.0	1003.0	100.0	100	263991	556	1.0	0	75.71	199879.0	IncFIB_K__1_Kpn3_pld1	SRR18543877_IncFIB_K__1_Kpn3	SRR18543877_NZ_CP040862.1
72_R	NZ_CP040862.1	1	8377	167901	176277	0.0	14859.0	99.355	100	263991	8377	1.0	0	75.71	199879.0	IncFIB_K__1_Kpn3_pld1	SRR18543877_IncFIB_K__1_Kpn3	SRR18543877_NZ_CP040862.1
96_R	NZ_CP040862.1	1	1943	176271	178213	0.0	3505.0	100.0	100	263991	1943	1.0	0	75.71	199879.0	IncFIB_K__1_Kpn3_pld1	SRR18543877_IncFIB_K__1_Kpn3	SRR18543877_NZ_CP040862.1
158_R	NZ_CP040862.1	2	334	178448	178780	2.41e-135	489.0	92.492	100	263991	335	0.9940298507462688	0	75.71	199879.0	IncFIB_K__1_Kpn3_pld1	SRR18543877_IncFIB_K__1_Kpn3	SRR18543877_NZ_CP040862.1
235_R	NZ_CP040862.1	2	112	178928	179038	1.52e-42	178.0	95.495	100	263991	112	0.9910714285714286	0	75.71	199879.0	IncFIB_K__1_Kpn3_pld1	SRR18543877_IncFIB_K__1_Kpn3	SRR18543877_NZ_CP040862.1
50	NZ_CP040862.1	1	22105	179210	201314	0.0	39860.0	99.995	100	263991	22105	1.0	0	75.71	199879.0	IncFIB_K__1_Kpn3_pld1	SRR18543877_IncFIB_K__1_Kpn3	SRR18543877_NZ_CP040862.1
90_R	NZ_CP040862.1	1	2454	201315	203768	0.0	4426.0	100.0	100	263991	2454	1.0	0	75.71	199879.0	IncFIB_K__1_Kpn3_pld1	SRR18543877_IncFIB_K__1_Kpn3	SRR18543877_NZ_CP040862.1
84_R	NZ_CP040862.1	1	3901	203769	207669	0.0	7027.0	99.949	100	263991	3901	1.0	0	75.71	199879.0	IncFIB_K__1_Kpn3_pld1	SRR18543877_IncFIB_K__1_Kpn3	SRR18543877_NZ_CP040862.1
218	NZ_CP040862.1	3	135	207667	207799	1.97e-61	241.0	100.0	98	263991	136	0.9779411764705882	0	75.71	199879.0	IncFIB_K__1_Kpn3_pld1	SRR18543877_IncFIB_K__1_Kpn3	SRR18543877_NZ_CP040862.1
160	NZ_CP040862.1	1	328	207801	208128	7.67e-167	592.0	100.0	100	263991	328	1.0	0	75.71	199879.0	IncFIB_K__1_Kpn3_pld1	SRR18543877_IncFIB_K__1_Kpn3	SRR18543877_NZ_CP040862.1
242_R	NZ_CP040862.1	1	102	208265	208366	9.01e-45	185.0	100.0	100	263991	102	1.0	0	75.71	199879.0	IncFIB_K__1_Kpn3_pld1	SRR18543877_IncFIB_K__1_Kpn3	SRR18543877_NZ_CP040862.1
188_R	NZ_CP040862.1	1	183	208368	208550	2.04e-88	331.0	100.0	100	263991	183	1.0	0	75.71	199879.0	IncFIB_K__1_Kpn3_pld1	SRR18543877_IncFIB_K__1_Kpn3	SRR18543877_NZ_CP040862.1
181_R	NZ_CP040862.1	1	196	208551	208746	1.94e-95	354.0	100.0	100	263991	196	1.0	0	75.71	199879.0	IncFIB_K__1_Kpn3_pld1	SRR18543877_IncFIB_K__1_Kpn3	SRR18543877_NZ_CP040862.1
91	NZ_CP040862.1	1	2451	208901	211351	0.0	4421.0	100.0	100	263991	2451	1.0	0	75.71	199879.0	IncFIB_K__1_Kpn3_pld1	SRR18543877_IncFIB_K__1_Kpn3	SRR18543877_NZ_CP040862.1
233	NZ_CP040862.1	1	124	211813	211936	1.34e-56	224.0	100.0	100	263991	124	1.0	0	75.71	199879.0	IncFIB_K__1_Kpn3_pld1	SRR18543877_IncFIB_K__1_Kpn3	SRR18543877_NZ_CP040862.1
212	NZ_CP040862.1	1	140	212114	212253	3.25e-65	253.0	100.0	100	263991	140	1.0	0	75.71	199879.0	IncFIB_K__1_Kpn3_pld1	SRR18543877_IncFIB_K__1_Kpn3	SRR18543877_NZ_CP040862.1
168	NZ_CP040862.1	1	264	212254	212517	9.01e-127	459.0	98.485	100	263991	265	0.9962264150943396	0	75.71	199879.0	IncFIB_K__1_Kpn3_pld1	SRR18543877_IncFIB_K__1_Kpn3	SRR18543877_NZ_CP040862.1
149	NZ_CP040862.1	1	399	213684	214082	0.0	720.0	100.0	100	263991	399	1.0	0	75.71	199879.0	IncFIB_K__1_Kpn3_pld1	SRR18543877_IncFIB_K__1_Kpn3	SRR18543877_NZ_CP040862.1
147	NZ_CP040862.1	2	391	214780	215191	1.13e-159	570.0	90.049	100	263991	414	0.9420289855072465	0	75.71	199879.0	IncFIB_K__1_Kpn3_pld1	SRR18543877_IncFIB_K__1_Kpn3	SRR18543877_NZ_CP040862.1
62_R	NZ_CP040862.1	1	14055	215377	229431	0.0	25347.0	100.0	100	263991	14055	1.0	0	75.71	199879.0	IncFIB_K__1_Kpn3_pld1	SRR18543877_IncFIB_K__1_Kpn3	SRR18543877_NZ_CP040862.1
159	NZ_CP040862.1	1	330	231695	232024	6.34e-168	596.0	100.0	100	263991	330	1.0	0	75.71	199879.0	IncFIB_K__1_Kpn3_pld1	SRR18543877_IncFIB_K__1_Kpn3	SRR18543877_NZ_CP040862.1
52_R	NZ_CP040862.1	1267	19616	232025	250374	0.0	33084.0	99.989	94	263991	19616	0.9354608482871124	0	75.71	199879.0	IncFIB_K__1_Kpn3_pld1	SRR18543877_IncFIB_K__1_Kpn3	SRR18543877_NZ_CP040862.1
71	NZ_CP040862.1	1	8509	251764	260272	0.0	15346.0	100.0	100	263991	8509	1.0	0	75.71	199879.0	IncFIB_K__1_Kpn3_pld1	SRR18543877_IncFIB_K__1_Kpn3	SRR18543877_NZ_CP040862.1
211_R	NZ_CP040862.1	1	143	260273	260415	7.85e-67	259.0	100.0	100	263991	143	1.0	0	75.71	199879.0	IncFIB_K__1_Kpn3_pld1	SRR18543877_IncFIB_K__1_Kpn3	SRR18543877_NZ_CP040862.1
183	NZ_CP040862.1	1	191	260416	260606	9.76e-93	345.0	100.0	100	263991	191	1.0	0	75.71	199879.0	IncFIB_K__1_Kpn3_pld1	SRR18543877_IncFIB_K__1_Kpn3	SRR18543877_NZ_CP040862.1
171	NZ_CP040862.1	1	250	260607	260856	1.25e-124	452.0	100.0	100	263991	250	1.0	0	75.71	199879.0	IncFIB_K__1_Kpn3_pld1	SRR18543877_IncFIB_K__1_Kpn3	SRR18543877_NZ_CP040862.1
133_R	NZ_CP040862.1	1	519	260857	261375	0.0	937.0	100.0	100	263991	519	1.0	0	75.71	199879.0	IncFIB_K__1_Kpn3_pld1	SRR18543877_IncFIB_K__1_Kpn3	SRR18543877_NZ_CP040862.1
130	NZ_CP040862.1	1	556	261376	261931	0.0	990.0	99.46	100	263991	556	1.0	0	75.71	199879.0	IncFIB_K__1_Kpn3_pld1	SRR18543877_IncFIB_K__1_Kpn3	SRR18543877_NZ_CP040862.1
158	NZ_CP040862.1	2	335	261803	262136	1.17e-126	459.0	90.419	100	263991	335	0.9970149253731344	0	75.71	199879.0	IncFIB_K__1_Kpn3_pld1	SRR18543877_IncFIB_K__1_Kpn3	SRR18543877_NZ_CP040862.1
147_R	NZ_CP040862.1	1	414	262569	262982	0.0	747.0	100.0	100	263991	414	1.0	0	75.71	199879.0	IncFIB_K__1_Kpn3_pld1	SRR18543877_IncFIB_K__1_Kpn3	SRR18543877_NZ_CP040862.1
149_R	NZ_CP040862.1	2	331	263680	263991	3.79e-140	504.0	93.333	100	263991	399	0.8270676691729323	0	75.71	199879.0	IncFIB_K__1_Kpn3_pld1	SRR18543877_IncFIB_K__1_Kpn3	SRR18543877_NZ_CP040862.1
168_R	NZ_CP040862.1	1	265	1234	1498	9.62e-133	479.0	100.0	100	263991	265	1.0	0	75.71	199879.0	IncFII_1_pKP91_pld1	SRR18543877_IncFII_1_pKP91	SRR18543877_NZ_CP040862.1
212_R	NZ_CP040862.1	1	140	1499	1638	3.25e-65	253.0	100.0	100	263991	140	1.0	0	75.71	199879.0	IncFII_1_pKP91_pld1	SRR18543877_IncFII_1_pKP91	SRR18543877_NZ_CP040862.1
233_R	NZ_CP040862.1	1	124	1816	1939	1.34e-56	224.0	100.0	100	263991	124	1.0	0	75.71	199879.0	IncFII_1_pKP91_pld1	SRR18543877_IncFII_1_pKP91	SRR18543877_NZ_CP040862.1
66	NZ_CP040862.1	1	11476	2401	13877	0.0	20451.0	99.529	96	263991	11979	0.958009850571834	0	75.71	199879.0	IncFII_1_pKP91_pld1	SRR18543877_IncFII_1_pKP91	SRR18543877_NZ_CP040862.1
53	NZ_CP040862.1	3154	19358	13873	30077	0.0	29220.0	99.994	84	263991	19358	0.837121603471433	0	75.71	199879.0	IncFII_1_pKP91_pld1	SRR18543877_IncFII_1_pKP91	SRR18543877_NZ_CP040862.1
235	NZ_CP040862.1	1	112	30249	30360	3.83e-50	203.0	100.0	100	263991	112	1.0	0	75.71	199879.0	IncFII_1_pKP91_pld1	SRR18543877_IncFII_1_pKP91	SRR18543877_NZ_CP040862.1
158	NZ_CP040862.1	2	335	30507	30840	1.33e-138	499.0	93.114	100	263991	335	0.9970149253731344	0	75.71	199879.0	IncFII_1_pKP91_pld1	SRR18543877_IncFII_1_pKP91	SRR18543877_NZ_CP040862.1
172_R	NZ_CP040862.1	1	245	31137	31381	6.330000000000001e-122	443.0	100.0	100	263991	245	1.0	0	75.71	199879.0	IncFII_1_pKP91_pld1	SRR18543877_IncFII_1_pKP91	SRR18543877_NZ_CP040862.1
100_R	NZ_CP040862.1	1	1723	31410	33133	0.0	3102.0	99.942	100	263991	1723	1.0	0	75.71	199879.0	IncFII_1_pKP91_pld1	SRR18543877_IncFII_1_pKP91	SRR18543877_NZ_CP040862.1
238_R	NZ_CP040862.1	1	106	33280	33385	3.79e-37	160.0	93.396	100	263991	106	1.0	0	75.71	199879.0	IncFII_1_pKP91_pld1	SRR18543877_IncFII_1_pKP91	SRR18543877_NZ_CP040862.1
235_R	NZ_CP040862.1	2	111	33724	33770	3.36e-38	163.0	92.727	100	263991	112	0.9821428571428572	63	75.71	199879.0	IncFII_1_pKP91_pld1	SRR18543877_IncFII_1_pKP91	SRR18543877_NZ_CP040862.1
67_R	NZ_CP040862.1	1	6616	33771	40386	0.0	11640.0	99.048	98	263991	11292	0.9805171803046404	0	75.71	199879.0	IncFII_1_pKP91_pld1	SRR18543877_IncFII_1_pKP91	SRR18543877_NZ_CP040862.1
67_R	NZ_CP040862.1	6837	11292	40386	44841	0.0	8037.0	100.0	98	263991	11292	0.9805171803046404	0	75.71	199879.0	IncFII_1_pKP91_pld1	SRR18543877_IncFII_1_pKP91	SRR18543877_NZ_CP040862.1
194_R	NZ_CP040862.1	1	168	45104	45271	2.5600000000000003e-80	304.0	100.0	100	263991	168	1.0	0	75.71	199879.0	IncFII_1_pKP91_pld1	SRR18543877_IncFII_1_pKP91	SRR18543877_NZ_CP040862.1
69	NZ_CP040862.1	1	6381	45416	51796	0.0	11504.0	99.984	100	263991	9650	0.6612435233160622	0	75.71	199879.0	IncFII_1_pKP91_pld1	SRR18543877_IncFII_1_pKP91	SRR18543877_NZ_CP040862.1
158_R	NZ_CP040862.1	1	334	52091	52295	1.17e-126	459.0	90.419	100	263991	335	0.9970149253731344	129	75.71	199879.0	IncFII_1_pKP91_pld1	SRR18543877_IncFII_1_pKP91	SRR18543877_NZ_CP040862.1
130_R	NZ_CP040862.1	1	556	52296	52851	0.0	990.0	99.46	100	263991	556	1.0	0	75.71	199879.0	IncFII_1_pKP91_pld1	SRR18543877_IncFII_1_pKP91	SRR18543877_NZ_CP040862.1
158_R	NZ_CP040862.1	1	334	66040	66373	6.9e-136	490.0	92.515	100	263991	335	0.9970149253731344	0	75.71	199879.0	IncFII_1_pKP91_pld1	SRR18543877_IncFII_1_pKP91	SRR18543877_NZ_CP040862.1
235_R	NZ_CP040862.1	2	112	66521	66631	1.52e-42	178.0	95.495	100	263991	112	0.9910714285714286	0	75.71	199879.0	IncFII_1_pKP91_pld1	SRR18543877_IncFII_1_pKP91	SRR18543877_NZ_CP040862.1
235	NZ_CP040862.1	2	112	85150	85260	6.920000000000001e-47	192.0	98.198	100	263991	112	0.9910714285714286	0	75.71	199879.0	IncFII_1_pKP91_pld1	SRR18543877_IncFII_1_pKP91	SRR18543877_NZ_CP040862.1
158	NZ_CP040862.1	2	335	85407	85740	1.33e-138	499.0	93.114	100	263991	335	0.9970149253731344	0	75.71	199879.0	IncFII_1_pKP91_pld1	SRR18543877_IncFII_1_pKP91	SRR18543877_NZ_CP040862.1
157	NZ_CP040862.1	1	339	88959	89297	8.500000000000001e-173	612.0	100.0	100	263991	339	1.0	0	75.71	199879.0	IncFII_1_pKP91_pld1	SRR18543877_IncFII_1_pKP91	SRR18543877_NZ_CP040862.1
220	NZ_CP040862.1	1	135	89338	89473	2.9e-59	233.0	98.529	100	263991	135	1.0	0	75.71	199879.0	IncFII_1_pKP91_pld1	SRR18543877_IncFII_1_pKP91	SRR18543877_NZ_CP040862.1
78_R	NZ_CP040862.1	249	4645	93102	97498	0.0	7912.0	99.909	91	263991	4825	0.9112953367875648	0	75.71	199879.0	IncFII_1_pKP91_pld1	SRR18543877_IncFII_1_pKP91	SRR18543877_NZ_CP040862.1
76	NZ_CP040862.1	1	5592	100128	105719	0.0	10085.0	100.0	100	263991	5592	1.0	0	75.71	199879.0	IncFII_1_pKP91_pld1	SRR18543877_IncFII_1_pKP91	SRR18543877_NZ_CP040862.1
158_R	NZ_CP040862.1	1	335	107915	108249	1.2399999999999998e-170	605.0	100.0	100	263991	335	1.0	0	75.71	199879.0	IncFII_1_pKP91_pld1	SRR18543877_IncFII_1_pKP91	SRR18543877_NZ_CP040862.1
235_R	NZ_CP040862.1	2	112	108396	108506	1.52e-42	178.0	95.495	100	263991	112	0.9910714285714286	0	75.71	199879.0	IncFII_1_pKP91_pld1	SRR18543877_IncFII_1_pKP91	SRR18543877_NZ_CP040862.1
150_R	NZ_CP040862.1	1	397	114000	114396	0.0	717.0	100.0	100	263991	397	1.0	0	75.71	199879.0	IncFII_1_pKP91_pld1	SRR18543877_IncFII_1_pKP91	SRR18543877_NZ_CP040862.1
181	NZ_CP040862.1	1	196	114551	114746	1.94e-95	354.0	100.0	100	263991	196	1.0	0	75.71	199879.0	IncFII_1_pKP91_pld1	SRR18543877_IncFII_1_pKP91	SRR18543877_NZ_CP040862.1
188	NZ_CP040862.1	1	183	114747	114929	2.04e-88	331.0	100.0	100	263991	183	1.0	0	75.71	199879.0	IncFII_1_pKP91_pld1	SRR18543877_IncFII_1_pKP91	SRR18543877_NZ_CP040862.1
242	NZ_CP040862.1	1	102	114931	115032	9.01e-45	185.0	100.0	100	263991	102	1.0	0	75.71	199879.0	IncFII_1_pKP91_pld1	SRR18543877_IncFII_1_pKP91	SRR18543877_NZ_CP040862.1
160_R	NZ_CP040862.1	1	328	115169	115496	7.67e-167	592.0	100.0	100	263991	328	1.0	0	75.71	199879.0	IncFII_1_pKP91_pld1	SRR18543877_IncFII_1_pKP91	SRR18543877_NZ_CP040862.1
218_R	NZ_CP040862.1	2	116	115498	115612	2.5700000000000003e-47	195.0	97.391	98	263991	136	0.8455882352941176	0	75.71	199879.0	IncFII_1_pKP91_pld1	SRR18543877_IncFII_1_pKP91	SRR18543877_NZ_CP040862.1
55	NZ_CP040862.1	7219	19021	115598	127402	0.0	20922.0	99.314	62	263991	19021	0.6205246832448347	0	75.71	199879.0	IncFII_1_pKP91_pld1	SRR18543877_IncFII_1_pKP91	SRR18543877_NZ_CP040862.1
157	NZ_CP040862.1	1	339	127403	127741	8.500000000000001e-173	612.0	100.0	100	263991	339	1.0	0	75.71	199879.0	IncFII_1_pKP91_pld1	SRR18543877_IncFII_1_pKP91	SRR18543877_NZ_CP040862.1
220	NZ_CP040862.1	1	135	127782	127916	1.61e-62	244.0	100.0	100	263991	135	1.0	0	75.71	199879.0	IncFII_1_pKP91_pld1	SRR18543877_IncFII_1_pKP91	SRR18543877_NZ_CP040862.1
93	NZ_CP040862.1	1	2179	127917	130095	0.0	3858.0	99.266	100	263991	2179	1.0	0	75.71	199879.0	IncFII_1_pKP91_pld1	SRR18543877_IncFII_1_pKP91	SRR18543877_NZ_CP040862.1
129_R	NZ_CP040862.1	2	558	130232	130788	0.0	996.0	99.641	99	263991	558	0.9982078853046596	0	75.71	199879.0	IncFII_1_pKP91_pld1	SRR18543877_IncFII_1_pKP91	SRR18543877_NZ_CP040862.1
157	NZ_CP040862.1	1	339	130789	131127	8.500000000000001e-173	612.0	100.0	100	263991	339	1.0	0	75.71	199879.0	IncFII_1_pKP91_pld1	SRR18543877_IncFII_1_pKP91	SRR18543877_NZ_CP040862.1
54	NZ_CP040862.1	1	19252	131128	150380	0.0	33783.0	98.93	100	263991	19252	1.0	0	75.71	199879.0	IncFII_1_pKP91_pld1	SRR18543877_IncFII_1_pKP91	SRR18543877_NZ_CP040862.1
193_R	NZ_CP040862.1	1	167	150643	150643	3.79e-78	297.0	99.401	99	263991	168	0.9940476190476192	166	75.71	199879.0	IncFII_1_pKP91_pld1	SRR18543877_IncFII_1_pKP91	SRR18543877_NZ_CP040862.1
194_R	NZ_CP040862.1	2	168	150644	150810	4.62e-77	293.0	98.802	100	263991	168	0.9940476190476192	0	75.71	199879.0	IncFII_1_pKP91_pld1	SRR18543877_IncFII_1_pKP91	SRR18543877_NZ_CP040862.1
80_R	NZ_CP040862.1	1	4473	150955	155427	0.0	7982.0	99.575	100	263991	4473	1.0	0	75.71	199879.0	IncFII_1_pKP91_pld1	SRR18543877_IncFII_1_pKP91	SRR18543877_NZ_CP040862.1
130	NZ_CP040862.1	1	556	155428	155983	0.0	1003.0	100.0	100	263991	556	1.0	0	75.71	199879.0	IncFII_1_pKP91_pld1	SRR18543877_IncFII_1_pKP91	SRR18543877_NZ_CP040862.1
158	NZ_CP040862.1	2	335	155855	156188	1.17e-126	459.0	90.419	100	263991	335	0.9970149253731344	0	75.71	199879.0	IncFII_1_pKP91_pld1	SRR18543877_IncFII_1_pKP91	SRR18543877_NZ_CP040862.1
130	NZ_CP040862.1	1	556	156612	157167	0.0	990.0	99.46	100	263991	556	1.0	0	75.71	199879.0	IncFII_1_pKP91_pld1	SRR18543877_IncFII_1_pKP91	SRR18543877_NZ_CP040862.1
158	NZ_CP040862.1	2	335	157039	157372	1.17e-126	459.0	90.419	100	263991	335	0.9970149253731344	0	75.71	199879.0	IncFII_1_pKP91_pld1	SRR18543877_IncFII_1_pKP91	SRR18543877_NZ_CP040862.1
75_R	NZ_CP040862.1	124	5876	157664	163413	0.0	10175.0	99.235	98	263991	5876	0.979067392784207	0	75.71	199879.0	IncFII_1_pKP91_pld1	SRR18543877_IncFII_1_pKP91	SRR18543877_NZ_CP040862.1
165	NZ_CP040862.1	1	299	163414	163712	3.83e-151	540.0	100.0	100	263991	299	1.0	0	75.71	199879.0	IncFII_1_pKP91_pld1	SRR18543877_IncFII_1_pKP91	SRR18543877_NZ_CP040862.1
244	NZ_CP040862.1	1	99	163713	163713	1.58e-41	175.0	98.99	99	263991	100	0.99	98	75.71	199879.0	IncFII_1_pKP91_pld1	SRR18543877_IncFII_1_pKP91	SRR18543877_NZ_CP040862.1
245_R	NZ_CP040862.1	2	100	163714	163812	1.93e-40	170.0	97.98	99	263991	100	0.99	0	75.71	199879.0	IncFII_1_pKP91_pld1	SRR18543877_IncFII_1_pKP91	SRR18543877_NZ_CP040862.1
137_R	NZ_CP040862.1	1	490	163813	164302	0.0	884.0	100.0	100	263991	490	1.0	0	75.71	199879.0	IncFII_1_pKP91_pld1	SRR18543877_IncFII_1_pKP91	SRR18543877_NZ_CP040862.1
159_R	NZ_CP040862.1	1	330	164314	164643	6.34e-168	596.0	100.0	100	263991	330	1.0	0	75.71	199879.0	IncFII_1_pKP91_pld1	SRR18543877_IncFII_1_pKP91	SRR18543877_NZ_CP040862.1
127	NZ_CP040862.1	1	579	165514	166092	0.0	1045.0	100.0	100	263991	579	1.0	0	75.71	199879.0	IncFII_1_pKP91_pld1	SRR18543877_IncFII_1_pKP91	SRR18543877_NZ_CP040862.1
230_R	NZ_CP040862.1	2	94	166094	166186	9.17e-40	168.0	100.0	74	263991	125	0.744	0	75.71	199879.0	IncFII_1_pKP91_pld1	SRR18543877_IncFII_1_pKP91	SRR18543877_NZ_CP040862.1
125_R	NZ_CP040862.1	1	667	166186	166852	0.0	1204.0	100.0	100	263991	667	1.0	0	75.71	199879.0	IncFII_1_pKP91_pld1	SRR18543877_IncFII_1_pKP91	SRR18543877_NZ_CP040862.1
158_R	NZ_CP040862.1	1	334	167140	167344	1.17e-126	459.0	90.419	100	263991	335	0.9970149253731344	129	75.71	199879.0	IncFII_1_pKP91_pld1	SRR18543877_IncFII_1_pKP91	SRR18543877_NZ_CP040862.1
130_R	NZ_CP040862.1	1	556	167345	167900	0.0	1003.0	100.0	100	263991	556	1.0	0	75.71	199879.0	IncFII_1_pKP91_pld1	SRR18543877_IncFII_1_pKP91	SRR18543877_NZ_CP040862.1
72_R	NZ_CP040862.1	1	8377	167901	176277	0.0	14859.0	99.355	100	263991	8377	1.0	0	75.71	199879.0	IncFII_1_pKP91_pld1	SRR18543877_IncFII_1_pKP91	SRR18543877_NZ_CP040862.1
96_R	NZ_CP040862.1	1	1943	176271	178213	0.0	3505.0	100.0	100	263991	1943	1.0	0	75.71	199879.0	IncFII_1_pKP91_pld1	SRR18543877_IncFII_1_pKP91	SRR18543877_NZ_CP040862.1
158_R	NZ_CP040862.1	2	334	178448	178780	2.41e-135	489.0	92.492	100	263991	335	0.9940298507462688	0	75.71	199879.0	IncFII_1_pKP91_pld1	SRR18543877_IncFII_1_pKP91	SRR18543877_NZ_CP040862.1
235_R	NZ_CP040862.1	2	112	178928	179038	1.52e-42	178.0	95.495	100	263991	112	0.9910714285714286	0	75.71	199879.0	IncFII_1_pKP91_pld1	SRR18543877_IncFII_1_pKP91	SRR18543877_NZ_CP040862.1
50	NZ_CP040862.1	1	22105	179210	201314	0.0	39860.0	99.995	100	263991	22105	1.0	0	75.71	199879.0	IncFII_1_pKP91_pld1	SRR18543877_IncFII_1_pKP91	SRR18543877_NZ_CP040862.1
90_R	NZ_CP040862.1	1	2454	201315	203768	0.0	4426.0	100.0	100	263991	2454	1.0	0	75.71	199879.0	IncFII_1_pKP91_pld1	SRR18543877_IncFII_1_pKP91	SRR18543877_NZ_CP040862.1
84_R	NZ_CP040862.1	1	3901	203769	207669	0.0	7027.0	99.949	100	263991	3901	1.0	0	75.71	199879.0	IncFII_1_pKP91_pld1	SRR18543877_IncFII_1_pKP91	SRR18543877_NZ_CP040862.1
218	NZ_CP040862.1	3	135	207667	207799	1.97e-61	241.0	100.0	98	263991	136	0.9779411764705882	0	75.71	199879.0	IncFII_1_pKP91_pld1	SRR18543877_IncFII_1_pKP91	SRR18543877_NZ_CP040862.1
160	NZ_CP040862.1	1	328	207801	208128	7.67e-167	592.0	100.0	100	263991	328	1.0	0	75.71	199879.0	IncFII_1_pKP91_pld1	SRR18543877_IncFII_1_pKP91	SRR18543877_NZ_CP040862.1
242_R	NZ_CP040862.1	1	102	208265	208366	9.01e-45	185.0	100.0	100	263991	102	1.0	0	75.71	199879.0	IncFII_1_pKP91_pld1	SRR18543877_IncFII_1_pKP91	SRR18543877_NZ_CP040862.1
188_R	NZ_CP040862.1	1	183	208368	208550	2.04e-88	331.0	100.0	100	263991	183	1.0	0	75.71	199879.0	IncFII_1_pKP91_pld1	SRR18543877_IncFII_1_pKP91	SRR18543877_NZ_CP040862.1
181_R	NZ_CP040862.1	1	196	208551	208746	1.94e-95	354.0	100.0	100	263991	196	1.0	0	75.71	199879.0	IncFII_1_pKP91_pld1	SRR18543877_IncFII_1_pKP91	SRR18543877_NZ_CP040862.1
91	NZ_CP040862.1	1	2451	208901	211351	0.0	4421.0	100.0	100	263991	2451	1.0	0	75.71	199879.0	IncFII_1_pKP91_pld1	SRR18543877_IncFII_1_pKP91	SRR18543877_NZ_CP040862.1
233	NZ_CP040862.1	1	124	211813	211936	1.34e-56	224.0	100.0	100	263991	124	1.0	0	75.71	199879.0	IncFII_1_pKP91_pld1	SRR18543877_IncFII_1_pKP91	SRR18543877_NZ_CP040862.1
212	NZ_CP040862.1	1	140	212114	212253	3.25e-65	253.0	100.0	100	263991	140	1.0	0	75.71	199879.0	IncFII_1_pKP91_pld1	SRR18543877_IncFII_1_pKP91	SRR18543877_NZ_CP040862.1
168	NZ_CP040862.1	1	264	212254	212517	9.01e-127	459.0	98.485	100	263991	265	0.9962264150943396	0	75.71	199879.0	IncFII_1_pKP91_pld1	SRR18543877_IncFII_1_pKP91	SRR18543877_NZ_CP040862.1
149	NZ_CP040862.1	1	399	213684	214082	0.0	720.0	100.0	100	263991	399	1.0	0	75.71	199879.0	IncFII_1_pKP91_pld1	SRR18543877_IncFII_1_pKP91	SRR18543877_NZ_CP040862.1
147	NZ_CP040862.1	2	391	214780	215191	1.13e-159	570.0	90.049	100	263991	414	0.9420289855072465	0	75.71	199879.0	IncFII_1_pKP91_pld1	SRR18543877_IncFII_1_pKP91	SRR18543877_NZ_CP040862.1
62_R	NZ_CP040862.1	1	14055	215377	229431	0.0	25347.0	100.0	100	263991	14055	1.0	0	75.71	199879.0	IncFII_1_pKP91_pld1	SRR18543877_IncFII_1_pKP91	SRR18543877_NZ_CP040862.1
159	NZ_CP040862.1	1	330	231695	232024	6.34e-168	596.0	100.0	100	263991	330	1.0	0	75.71	199879.0	IncFII_1_pKP91_pld1	SRR18543877_IncFII_1_pKP91	SRR18543877_NZ_CP040862.1
52_R	NZ_CP040862.1	1267	19616	232025	250374	0.0	33084.0	99.989	94	263991	19616	0.9354608482871124	0	75.71	199879.0	IncFII_1_pKP91_pld1	SRR18543877_IncFII_1_pKP91	SRR18543877_NZ_CP040862.1
71	NZ_CP040862.1	1	8509	251764	260272	0.0	15346.0	100.0	100	263991	8509	1.0	0	75.71	199879.0	IncFII_1_pKP91_pld1	SRR18543877_IncFII_1_pKP91	SRR18543877_NZ_CP040862.1
211_R	NZ_CP040862.1	1	143	260273	260415	7.85e-67	259.0	100.0	100	263991	143	1.0	0	75.71	199879.0	IncFII_1_pKP91_pld1	SRR18543877_IncFII_1_pKP91	SRR18543877_NZ_CP040862.1
183	NZ_CP040862.1	1	191	260416	260606	9.76e-93	345.0	100.0	100	263991	191	1.0	0	75.71	199879.0	IncFII_1_pKP91_pld1	SRR18543877_IncFII_1_pKP91	SRR18543877_NZ_CP040862.1
171	NZ_CP040862.1	1	250	260607	260856	1.25e-124	452.0	100.0	100	263991	250	1.0	0	75.71	199879.0	IncFII_1_pKP91_pld1	SRR18543877_IncFII_1_pKP91	SRR18543877_NZ_CP040862.1
133_R	NZ_CP040862.1	1	519	260857	261375	0.0	937.0	100.0	100	263991	519	1.0	0	75.71	199879.0	IncFII_1_pKP91_pld1	SRR18543877_IncFII_1_pKP91	SRR18543877_NZ_CP040862.1
130	NZ_CP040862.1	1	556	261376	261931	0.0	990.0	99.46	100	263991	556	1.0	0	75.71	199879.0	IncFII_1_pKP91_pld1	SRR18543877_IncFII_1_pKP91	SRR18543877_NZ_CP040862.1
158	NZ_CP040862.1	2	335	261803	262136	1.17e-126	459.0	90.419	100	263991	335	0.9970149253731344	0	75.71	199879.0	IncFII_1_pKP91_pld1	SRR18543877_IncFII_1_pKP91	SRR18543877_NZ_CP040862.1
147_R	NZ_CP040862.1	1	414	262569	262982	0.0	747.0	100.0	100	263991	414	1.0	0	75.71	199879.0	IncFII_1_pKP91_pld1	SRR18543877_IncFII_1_pKP91	SRR18543877_NZ_CP040862.1
149_R	NZ_CP040862.1	2	331	263680	263991	3.79e-140	504.0	93.333	100	263991	399	0.8270676691729323	0	75.71	199879.0	IncFII_1_pKP91_pld1	SRR18543877_IncFII_1_pKP91	SRR18543877_NZ_CP040862.1
85_R	NZ_CP143284.1	2151	3389	1	1239	0.0	2199.0	99.354	37	4163	3389	0.3655945706698141	0	94.4	3930.0	Col440I_1_pld1	SRR18543877_Col440I	SRR18543877_NZ_CP143284.1
198	NZ_CP143284.1	1	160	1240	1399	5.3e-76	289.0	100.0	100	4163	160	1.0	0	94.4	3930.0	Col440I_1_pld1	SRR18543877_Col440I	SRR18543877_NZ_CP143284.1
82_R	NZ_CP143284.1	498	3075	1633	4163	0.0	4165.0	95.664	60	4163	4304	0.5989776951672863	0	94.4	3930.0	Col440I_1_pld1	SRR18543877_Col440I	SRR18543877_NZ_CP143284.1
89	-	1	2671	-	-	-	-	-	100	-	2671	1.0	0	100.00%	2671	circular	SRR18543877_circular_89	89
