qseqid	sseqid	qstart	qend	sstart	send	evalue	bitscore	pident	qcovs	slen	qlen	q_perc_aligned	overlapped_bases	coverage_percentage	bases_covered	gene_name
82_R	AP014955.1	2655	4118	683	2144	0.0	2208.0	93.588	34	3897	4304	0.3401486988847583	0	37.52%	1462.00	Col440I_1_pld1
82	AP022443.1	220	1601	1	1382	0.0	1985.0	92.014	32	4119	4304	0.3210966542750929	0	37.44%	1542.00	Col440I_1_pld1
198_R	AP022443.1	1	160	3741	3900	1.17e-71	276.0	98.125	100	4119	160	1.0	0	37.44%	1542.00	Col440I_1_pld1
82_R	AP028468.1	2655	4125	218	1694	0.0	2044.0	91.02	34	4809	4304	0.3417750929368029	0	30.71%	1477.00	Col440I_1_pld1
82	CP018358.1	1696	2997	1	1302	0.0	2349.0	100.0	70	4374	4304	0.6963289962825279	0	72.09%	3153.00	Col440I_1_pld1
198_R	CP018358.1	1	160	2524	2683	5.3e-76	289.0	100.0	100	4374	160	1.0	0	72.09%	3153.00	Col440I_1_pld1
82	CP018358.1	1	1695	2684	4374	0.0	2615.0	94.218	70	4374	4304	0.6963289962825279	0	72.09%	3153.00	Col440I_1_pld1
82_R	CP031375.2	2685	4118	2138	3575	0.0	2033.0	91.759	33	8379	4304	0.33317843866171	0	34.26%	2871.00	Col440I_1_pld1
82_R	CP031375.2	2685	4118	5690	7122	0.0	2065.0	92.286	33	8379	4304	0.33317843866171	0	34.26%	2871.00	Col440I_1_pld1
198_R	CP044374.1	1	160	1392	1551	2.74e-73	280.0	98.75	100	4168	160	1.0	0	42.18%	1758.00	Col440I_1_pld1
82	CP044374.1	2	1601	1553	3150	0.0	2363.0	93.093	37	4168	4304	0.3717472118959107	0	42.18%	1758.00	Col440I_1_pld1
82	CP044379.1	180	1603	1988	3408	0.0	2029.0	91.824	33	4653	4304	0.3308550185873606	0	30.54%	1421.00	Col440I_1_pld1
198_R	CP044384.1	1	160	2705	2864	2.74e-73	280.0	98.75	100	4167	160	1.0	0	35.09%	1462.00	Col440I_1_pld1
82	CP044384.1	2	1304	2866	4167	0.0	2095.0	95.945	30	4167	4304	0.3027416356877323	0	35.09%	1462.00	Col440I_1_pld1
82_R	CP052267.1	2702	4118	2371	3784	0.0	1996.0	91.655	33	4642	4304	0.329228624535316	0	30.46%	1414.00	Col440I_1_pld1
198_R	CP052274.1	1	160	2084	2243	2.74e-73	280.0	98.75	100	4167	160	1.0	0	42.21%	1759.00	Col440I_1_pld1
82	CP052274.1	2	1601	2245	3843	0.0	2371.0	93.155	37	4167	4304	0.3717472118959107	0	42.21%	1759.00	Col440I_1_pld1
198_R	CP052290.1	1	160	656	815	2.74e-73	280.0	98.75	100	4167	160	1.0	0	42.21%	1759.00	Col440I_1_pld1
82	CP052290.1	2	1601	817	2415	0.0	2371.0	93.155	37	4167	4304	0.3717472118959107	0	42.21%	1759.00	Col440I_1_pld1
198_R	CP052300.1	1	160	1619	1778	2.74e-73	280.0	98.75	100	4167	160	1.0	0	42.21%	1759.00	Col440I_1_pld1
82	CP052300.1	2	1601	1780	3378	0.0	2371.0	93.155	37	4167	4304	0.3717472118959107	0	42.21%	1759.00	Col440I_1_pld1
82_R	CP052308.1	2704	4303	2228	3826	0.0	2371.0	93.155	37	4167	4304	0.3717472118959107	0	42.21%	1759.00	Col440I_1_pld1
198	CP052308.1	1	160	3828	3987	2.74e-73	280.0	98.75	100	4167	160	1.0	0	42.21%	1759.00	Col440I_1_pld1
82_R	CP052371.1	2704	4303	2400	3998	0.0	2371.0	93.155	37	4167	4304	0.3717472118959107	0	42.21%	1759.00	Col440I_1_pld1
198	CP052371.1	1	160	4000	4159	2.74e-73	280.0	98.75	100	4167	160	1.0	0	42.21%	1759.00	Col440I_1_pld1
82_R	CP052397.1	2652	4303	959	2608	0.0	2247.0	90.282	38	2789	4304	0.3838289962825278	0	64.90%	1810.00	Col440I_1_pld1
198	CP052397.1	1	160	2610	2769	2.25e-74	285.0	99.375	100	2789	160	1.0	0	64.90%	1810.00	Col440I_1_pld1
82_R	CP052419.1	2702	4118	333	1746	0.0	1989.0	91.362	33	4654	4304	0.329228624535316	0	30.38%	1414.00	Col440I_1_pld1
198_R	CP052425.1	1	160	158	317	2.25e-74	285.0	99.375	100	2789	160	1.0	0	64.90%	1810.00	Col440I_1_pld1
82	CP052425.1	2	1653	319	1968	0.0	2247.0	90.282	38	2789	4304	0.3838289962825278	0	64.90%	1810.00	Col440I_1_pld1
82	CP052475.1	187	1603	1949	3362	0.0	1989.0	91.362	33	4654	4304	0.329228624535316	0	30.38%	1414.00	Col440I_1_pld1
82_R	CP052482.1	2702	4118	645	2058	0.0	1989.0	91.362	33	4654	4304	0.329228624535316	0	30.38%	1414.00	Col440I_1_pld1
82_R	CP052515.1	2703	4118	159	1582	0.0	2029.0	91.894	33	3302	4304	0.328996282527881	0	43.13%	1424.00	Col440I_1_pld1
82_R	CP052542.1	2704	4303	225	1823	0.0	2371.0	93.155	37	4167	4304	0.3717472118959107	0	42.21%	1759.00	Col440I_1_pld1
198	CP052542.1	1	160	1825	1984	2.74e-73	280.0	98.75	100	4167	160	1.0	0	42.21%	1759.00	Col440I_1_pld1
198_R	CP056504.1	1	160	55	215	4.96e-70	269.0	97.516	100	3354	160	1.0	0	46.00%	1543.00	Col440I_1_pld1
82	CP056504.1	2	1391	217	1598	0.0	2107.0	93.772	32	3354	4304	0.3229553903345725	0	46.00%	1543.00	Col440I_1_pld1
82	CP067715.1	187	1653	1457	2930	0.0	2007.0	90.399	34	4991	4304	0.3408457249070632	0	29.53%	1474.00	Col440I_1_pld1
198	CP113225.1	21	160	6981	7120	1.62e-63	249.0	99.286	88	42644	160	0.875	0	4.18%	1781.00	Col440I_1_pld1
82_R	CP113225.1	2655	4304	10139	11779	0.0	2372.0	92.007	38	42644	4304	0.383364312267658	0	4.18%	1781.00	Col440I_1_pld1
82_R	CP156947.1	2704	4303	239	1837	0.0	2371.0	93.155	37	4167	4304	0.3717472118959107	0	42.21%	1759.00	Col440I_1_pld1
198	CP156947.1	1	160	1839	1998	2.74e-73	280.0	98.75	100	4167	160	1.0	0	42.21%	1759.00	Col440I_1_pld1
198_R	LR890220.1	1	160	708	867	5.3e-76	289.0	100.0	100	4421	160	1.0	0	71.34%	3154.00	Col440I_1_pld1
82	LR890220.1	1	1830	868	2647	0.0	2769.0	93.607	43	4421	4304	0.4251858736059479	45	71.34%	3154.00	Col440I_1_pld1
120_R	LR890220.1	1	717	2648	3364	0.0	1294.0	100.0	100	4421	717	1.0	0	71.34%	3154.00	Col440I_1_pld1
136_R	LR890220.1	1	497	3372	3868	0.0	897.0	100.0	100	4421	497	1.0	0	71.34%	3154.00	Col440I_1_pld1
82	LR890222.1	187	1602	514	1936	0.0	2039.0	92.034	33	3674	4304	0.328996282527881	0	38.73%	1423.00	Col440I_1_pld1
82_R	LR890247.1	2703	4118	1264	2674	0.0	2032.0	91.972	33	4369	4304	0.328996282527881	0	32.30%	1411.00	Col440I_1_pld1
198_R	LR890460.1	1	160	3558	3717	1.98e-62	244.0	93.75	100	5840	160	1.0	0	36.03%	2104.00	Col440I_1_pld1
82	LR890460.1	182	1650	3897	5364	0.0	2090.0	91.734	34	5840	4304	0.3413104089219331	0	36.03%	2104.00	Col440I_1_pld1
85	LR890460.1	709	2133	4406	5840	0.0	2209.0	94.22	42	5840	3389	0.4204780171141929	0	36.03%	2104.00	Col440I_1_pld1
198	LR890481.1	1	160	2322	2481	3.13e-66	258.0	95.625	100	6220	160	1.0	0	26.50%	1648.00	Col440I_1_pld1
82_R	LR890481.1	2655	4142	4532	6019	0.0	2012.0	90.161	35	6220	4304	0.345724907063197	0	26.50%	1648.00	Col440I_1_pld1
82_R	LR890675.1	672	4304	1	3633	0.0	6534.0	99.89	84	4548	4304	0.8440985130111525	0	83.40%	3793.00	Col440I_1_pld1
198	LR890675.1	1	160	3634	3793	5.3e-76	289.0	100.0	100	4548	160	1.0	0	83.40%	3793.00	Col440I_1_pld1
82_R	NC_011640.1	2704	4303	2494	4092	0.0	2371.0	93.155	37	4211	4304	0.3717472118959107	0	37.97%	1599.00	Col440I_1_pld1
159	NZ_AP022113.1	1	330	17459	17788	1.4000000000000003e-163	582.0	99.091	100	190538	330	1.0	0	31.64%	60282.00	Col440I_1_pld1
110_R	NZ_AP022113.1	344	1140	19312	20108	0.0	1434.0	99.875	70	190538	1140	0.6991228070175438	0	31.64%	60282.00	Col440I_1_pld1
127	NZ_AP022113.1	1	579	21467	22045	0.0	1045.0	100.0	100	190538	579	1.0	0	31.64%	60282.00	Col440I_1_pld1
230_R	NZ_AP022113.1	1	125	22046	22170	3.89e-57	226.0	100.0	100	190538	125	1.0	0	31.64%	60282.00	Col440I_1_pld1
125_R	NZ_AP022113.1	1	667	22171	22837	0.0	1204.0	100.0	100	190538	667	1.0	0	31.64%	60282.00	Col440I_1_pld1
127	NZ_AP022113.1	1	579	22910	23488	0.0	1045.0	100.0	100	190538	579	1.0	0	31.64%	60282.00	Col440I_1_pld1
159_R	NZ_AP022113.1	1	330	31015	31345	4.8700000000000003e-163	581.0	99.094	100	190538	330	1.0	0	31.64%	60282.00	Col440I_1_pld1
198_R	NZ_AP022113.1	1	160	36866	37025	2.74e-73	280.0	98.75	100	190538	160	1.0	0	31.64%	60282.00	Col440I_1_pld1
82	NZ_AP022113.1	2	1438	37027	38463	0.0	2133.0	92.946	33	190538	4304	0.3338754646840148	0	31.64%	60282.00	Col440I_1_pld1
72	NZ_AP022113.1	1719	8377	55056	61714	0.0	11809.0	99.339	79	190538	8377	0.7949146472484183	0	31.64%	60282.00	Col440I_1_pld1
127	NZ_AP022113.1	1	579	61726	62304	0.0	1045.0	100.0	100	190538	579	1.0	0	31.64%	60282.00	Col440I_1_pld1
230_R	NZ_AP022113.1	1	125	62305	62429	3.89e-57	226.0	100.0	100	190538	125	1.0	0	31.64%	60282.00	Col440I_1_pld1
125_R	NZ_AP022113.1	1	667	62430	63096	0.0	1204.0	100.0	100	190538	667	1.0	0	31.64%	60282.00	Col440I_1_pld1
213_R	NZ_AP022113.1	1	140	63939	64078	3.25e-65	253.0	100.0	100	190538	140	1.0	0	31.64%	60282.00	Col440I_1_pld1
125	NZ_AP022113.1	1	667	64137	64803	0.0	1204.0	100.0	100	190538	667	1.0	0	31.64%	60282.00	Col440I_1_pld1
230	NZ_AP022113.1	1	125	64804	64928	3.89e-57	226.0	100.0	100	190538	125	1.0	0	31.64%	60282.00	Col440I_1_pld1
127_R	NZ_AP022113.1	1	579	64929	65507	0.0	1045.0	100.0	100	190538	579	1.0	0	31.64%	60282.00	Col440I_1_pld1
159	NZ_AP022113.1	1	330	66378	66707	2.6999999999999998e-166	591.0	99.697	100	190538	330	1.0	0	31.64%	60282.00	Col440I_1_pld1
54_R	NZ_AP022113.1	278	18979	66708	85415	0.0	31765.0	97.697	97	190538	19252	0.9714315395803034	0	31.64%	60282.00	Col440I_1_pld1
159	NZ_AP022113.1	1	330	98194	98523	2.6999999999999998e-166	591.0	99.697	100	190538	330	1.0	0	31.64%	60282.00	Col440I_1_pld1
73_R	NZ_AP022113.1	5	6442	106977	113411	0.0	10555.0	96.348	95	190538	6802	0.9464863275507204	0	31.64%	60282.00	Col440I_1_pld1
159	NZ_AP022113.1	1	330	114290	114618	1.7e-162	579.0	99.091	100	190538	330	1.0	0	31.64%	60282.00	Col440I_1_pld1
106	NZ_AP022113.1	1	1369	121839	123207	0.0	2429.0	99.343	100	190538	1369	1.0	0	31.64%	60282.00	Col440I_1_pld1
106_R	NZ_AP022113.1	1	1369	134903	136271	0.0	2429.0	99.343	100	190538	1369	1.0	0	31.64%	60282.00	Col440I_1_pld1
136	NZ_AP022113.1	1	497	136292	136788	0.0	897.0	100.0	100	190538	497	1.0	0	31.64%	60282.00	Col440I_1_pld1
120	NZ_AP022113.1	1	717	136796	137512	0.0	1294.0	100.0	100	190538	717	1.0	0	31.64%	60282.00	Col440I_1_pld1
92	NZ_AP022113.1	627	2236	137513	139122	0.0	2882.0	99.689	72	190538	2249	0.7158737216540685	0	31.64%	60282.00	Col440I_1_pld1
105_R	NZ_AP022113.1	1	1380	140945	142324	0.0	2489.0	100.0	100	190538	1380	1.0	0	31.64%	60282.00	Col440I_1_pld1
159	NZ_AP022113.1	1	330	150226	150556	4.8700000000000003e-163	581.0	99.094	100	190538	330	1.0	0	31.64%	60282.00	Col440I_1_pld1
83_R	NZ_AP022113.1	1	4266	157366	161632	0.0	7374.0	98.292	100	190538	4266	1.0	0	31.64%	60282.00	Col440I_1_pld1
127	NZ_AP022113.1	1	579	161645	162223	0.0	1045.0	100.0	100	190538	579	1.0	0	31.64%	60282.00	Col440I_1_pld1
230_R	NZ_AP022113.1	1	125	162224	162348	3.89e-57	226.0	100.0	100	190538	125	1.0	0	31.64%	60282.00	Col440I_1_pld1
125_R	NZ_AP022113.1	1	667	162349	163015	0.0	1204.0	100.0	100	190538	667	1.0	0	31.64%	60282.00	Col440I_1_pld1
127	NZ_AP022113.1	1	579	163057	163635	0.0	1045.0	100.0	100	190538	579	1.0	0	31.64%	60282.00	Col440I_1_pld1
230_R	NZ_AP022113.1	1	125	163636	163760	3.89e-57	226.0	100.0	100	190538	125	1.0	0	31.64%	60282.00	Col440I_1_pld1
125_R	NZ_AP022113.1	1	667	163761	164427	0.0	1204.0	100.0	100	190538	667	1.0	0	31.64%	60282.00	Col440I_1_pld1
127	NZ_AP022113.1	1	579	164469	165047	0.0	1045.0	100.0	100	190538	579	1.0	0	31.64%	60282.00	Col440I_1_pld1
230_R	NZ_AP022113.1	2	125	165049	165172	1.36e-56	224.0	100.0	100	190538	125	0.992	0	31.64%	60282.00	Col440I_1_pld1
125_R	NZ_AP022113.1	1	667	165173	165839	0.0	1204.0	100.0	100	190538	667	1.0	0	31.64%	60282.00	Col440I_1_pld1
136	NZ_AP022113.1	1	497	173481	173977	0.0	897.0	100.0	100	190538	497	1.0	0	31.64%	60282.00	Col440I_1_pld1
120	NZ_AP022113.1	1	717	173985	174701	0.0	1294.0	100.0	100	190538	717	1.0	0	31.64%	60282.00	Col440I_1_pld1
106	NZ_AP022113.1	1	1369	175132	176500	0.0	2429.0	99.343	100	190538	1369	1.0	0	31.64%	60282.00	Col440I_1_pld1
106_R	NZ_AP022113.1	1	1369	176691	178059	0.0	2429.0	99.343	100	190538	1369	1.0	0	31.64%	60282.00	Col440I_1_pld1
82	NZ_AP022187.1	221	1603	1	1394	0.0	1953.0	91.273	32	4685	4304	0.3213289962825278	0	33.17%	1554.00	Col440I_1_pld1
198_R	NZ_AP022187.1	1	160	4305	4464	1.62e-63	249.0	94.375	100	4685	160	1.0	0	33.17%	1554.00	Col440I_1_pld1
198	NZ_AP023342.1	1	160	68	227	2.74e-73	280.0	98.75	100	4167	160	1.0	0	40.63%	1693.00	Col440I_1_pld1
82_R	NZ_AP023342.1	2704	4237	2635	4167	0.0	2257.0	92.927	36	4167	4304	0.3564126394052044	0	40.63%	1693.00	Col440I_1_pld1
198_R	NZ_AP024594.1	1	160	1632	1791	1.98e-62	244.0	93.75	100	5263	160	1.0	0	30.91%	1627.00	Col440I_1_pld1
82	NZ_AP024594.1	180	1650	1972	3438	0.0	2105.0	91.921	34	5263	4304	0.3417750929368029	0	30.91%	1627.00	Col440I_1_pld1
82	NZ_CP018665.1	187	1620	1038	2464	0.0	2110.0	92.917	33	2781	4304	0.33317843866171	0	51.31%	1427.00	Col440I_1_pld1
82	NZ_CP018739.1	187	1620	1766	3198	0.0	2065.0	92.286	33	3541	4304	0.33317843866171	0	40.47%	1433.00	Col440I_1_pld1
82	NZ_CP023252.1	136	1601	128	1592	0.0	2139.0	92.668	34	4426	4304	0.3406133828996282	0	36.71%	1625.00	Col440I_1_pld1
198_R	NZ_CP023252.1	1	160	4000	4159	2.74e-73	280.0	98.75	100	4426	160	1.0	0	36.71%	1625.00	Col440I_1_pld1
82_R	NZ_CP023842.1	2702	4303	7136	8734	0.0	2343.0	92.8	37	8809	4304	0.3722118959107807	0	18.15%	1599.00	Col440I_1_pld1
82	NZ_CP023940.1	165	1603	68	1503	0.0	2035.0	91.856	33	1556	4304	0.3343401486988847	0	92.29%	1436.00	Col440I_1_pld1
82_R	NZ_CP024195.1	2702	4140	2065	3500	0.0	2013.0	91.436	33	4660	4304	0.3343401486988847	0	30.82%	1436.00	Col440I_1_pld1
82_R	NZ_CP024435.1	2704	4303	2371	3969	0.0	2371.0	93.155	37	4167	4304	0.3717472118959107	0	42.21%	1759.00	Col440I_1_pld1
198	NZ_CP024435.1	1	160	3971	4130	2.74e-73	280.0	98.75	100	4167	160	1.0	0	42.21%	1759.00	Col440I_1_pld1
82	NZ_CP024464.1	299	1620	1	1314	0.0	1937.0	92.766	31	2780	4304	0.3071561338289962	0	47.27%	1314.00	Col440I_1_pld1
82_R	NZ_CP024491.1	101	3066	3613	6657	0.0	4736.0	94.112	69	6657	4304	0.6891263940520446	0	45.74%	3045.00	Col440I_1_pld1
82_R	NZ_CP024532.1	2861	4140	56	1335	0.0	1978.0	94.306	30	4660	4304	0.2973977695167286	0	27.47%	1280.00	Col440I_1_pld1
82_R	NZ_CP024567.1	2702	4140	3195	4630	0.0	2013.0	91.436	33	4660	4304	0.3343401486988847	0	30.82%	1436.00	Col440I_1_pld1
82	NZ_CP024574.1	165	1603	5482	6919	0.0	1992.0	91.172	33	9326	4304	0.3343401486988847	0	15.42%	1438.00	Col440I_1_pld1
54_R	NZ_CP026175.1	230	19252	1	19024	0.0	33483.0	99.049	99	172259	19252	0.9881051319343443	0	55.74%	96021.00	Col440I_1_pld1
157_R	NZ_CP026175.1	1	339	19025	19363	8.500000000000001e-173	612.0	100.0	100	172259	339	1.0	0	55.74%	96021.00	Col440I_1_pld1
129	NZ_CP026175.1	1	558	19364	19921	0.0	998.0	99.642	100	172259	558	1.0	0	55.74%	96021.00	Col440I_1_pld1
221_R	NZ_CP026175.1	1	135	19922	20056	1.61e-62	244.0	100.0	100	172259	135	1.0	0	55.74%	96021.00	Col440I_1_pld1
93_R	NZ_CP026175.1	1	2179	20057	22235	0.0	3836.0	99.036	100	172259	2179	1.0	0	55.74%	96021.00	Col440I_1_pld1
220_R	NZ_CP026175.1	1	135	22236	22370	1.61e-62	244.0	100.0	100	172259	135	1.0	0	55.74%	96021.00	Col440I_1_pld1
157_R	NZ_CP026175.1	1	339	22411	22748	1.87e-149	535.0	95.588	100	172259	339	1.0	0	55.74%	96021.00	Col440I_1_pld1
214	NZ_CP026175.1	1	140	32340	32479	1.38e-63	249.0	99.286	100	172259	140	1.0	0	55.74%	96021.00	Col440I_1_pld1
182	NZ_CP026175.1	1	192	32747	32938	2.81e-93	347.0	100.0	100	172259	192	1.0	0	55.74%	96021.00	Col440I_1_pld1
222_R	NZ_CP026175.1	1	135	32939	33073	1.61e-62	244.0	100.0	100	172259	135	1.0	0	55.74%	96021.00	Col440I_1_pld1
234	NZ_CP026175.1	1	124	33127	33250	1.34e-56	224.0	100.0	100	172259	124	1.0	0	55.74%	96021.00	Col440I_1_pld1
55_R	NZ_CP026175.1	9500	19021	33313	42828	0.0	16806.0	99.139	100	172259	19021	0.5006045949214026	0	55.74%	96021.00	Col440I_1_pld1
76_R	NZ_CP026175.1	1	5592	42821	48412	0.0	10081.0	99.982	100	172259	5592	1.0	0	55.74%	96021.00	Col440I_1_pld1
209	NZ_CP026175.1	1	144	48413	48556	2.2699999999999997e-67	260.0	100.0	100	172259	144	1.0	0	55.74%	96021.00	Col440I_1_pld1
119	NZ_CP026175.1	1	749	48557	49305	0.0	1352.0	100.0	100	172259	749	1.0	0	55.74%	96021.00	Col440I_1_pld1
178	NZ_CP026175.1	1	206	49307	49512	7.68e-101	372.0	100.0	100	172259	206	1.0	0	55.74%	96021.00	Col440I_1_pld1
78	NZ_CP026175.1	1	4825	49513	54337	0.0	8693.0	99.959	100	172259	4825	1.0	0	55.74%	96021.00	Col440I_1_pld1
220_R	NZ_CP026175.1	1	135	54338	54473	2.38e-60	238.0	99.265	100	172259	135	1.0	0	55.74%	96021.00	Col440I_1_pld1
157_R	NZ_CP026175.1	1	339	54514	54852	1.87e-168	599.0	99.115	100	172259	339	1.0	0	55.74%	96021.00	Col440I_1_pld1
88_R	NZ_CP026175.1	1	2791	54853	57643	0.0	4933.0	99.212	100	172259	2791	1.0	0	55.74%	96021.00	Col440I_1_pld1
139_R	NZ_CP026175.1	1	480	57873	58352	0.0	812.0	97.5	100	172259	480	1.0	0	55.74%	96021.00	Col440I_1_pld1
190	NZ_CP026175.1	1	181	58353	58533	2.45e-87	327.0	100.0	100	172259	181	1.0	0	55.74%	96021.00	Col440I_1_pld1
142_R	NZ_CP026175.1	1	448	58534	58981	0.0	800.0	99.554	99	172259	450	0.9955555555555556	0	55.74%	96021.00	Col440I_1_pld1
204	NZ_CP026175.1	1	150	58984	59133	5.57e-69	267.0	99.333	100	172259	150	1.0	0	55.74%	96021.00	Col440I_1_pld1
179_R	NZ_CP026175.1	1	204	59146	59349	9.25e-100	369.0	100.0	100	172259	204	1.0	0	55.74%	96021.00	Col440I_1_pld1
214	NZ_CP026175.1	1	140	82242	82381	1.38e-63	249.0	99.286	100	172259	140	1.0	0	55.74%	96021.00	Col440I_1_pld1
182	NZ_CP026175.1	1	192	82649	82840	2.81e-93	347.0	100.0	100	172259	192	1.0	0	55.74%	96021.00	Col440I_1_pld1
222_R	NZ_CP026175.1	1	135	82841	82975	1.61e-62	244.0	100.0	100	172259	135	1.0	0	55.74%	96021.00	Col440I_1_pld1
234	NZ_CP026175.1	1	124	83029	83152	1.34e-56	224.0	100.0	100	172259	124	1.0	0	55.74%	96021.00	Col440I_1_pld1
198	NZ_CP026175.1	1	160	99601	99760	5.3e-76	289.0	100.0	100	172259	160	1.0	0	55.74%	96021.00	Col440I_1_pld1
82_R	NZ_CP026175.1	498	3617	99994	103054	0.0	4829.0	94.311	72	172259	4304	0.724907063197026	0	55.74%	96021.00	Col440I_1_pld1
85_R	NZ_CP026175.1	1733	2920	102106	103293	0.0	1962.0	96.72	35	172259	3389	0.3505458837415167	0	55.74%	96021.00	Col440I_1_pld1
105	NZ_CP026175.1	1	1380	115813	117192	0.0	2489.0	100.0	100	172259	1380	1.0	0	55.74%	96021.00	Col440I_1_pld1
114_R	NZ_CP026175.1	1	898	117193	118090	0.0	1620.0	100.0	100	172259	898	1.0	0	55.74%	96021.00	Col440I_1_pld1
84	NZ_CP026175.1	1	3901	118091	121991	0.0	7013.0	99.872	100	172259	3901	1.0	0	55.74%	96021.00	Col440I_1_pld1
90	NZ_CP026175.1	1	2454	121992	124445	0.0	4426.0	100.0	100	172259	2454	1.0	0	55.74%	96021.00	Col440I_1_pld1
50_R	NZ_CP026175.1	213	22105	124600	146492	0.0	39473.0	99.991	99	172259	22105	0.990409409635829	0	55.74%	96021.00	Col440I_1_pld1
214	NZ_CP026175.1	1	140	146578	146717	3.25e-65	253.0	100.0	100	172259	140	1.0	0	55.74%	96021.00	Col440I_1_pld1
238	NZ_CP026175.1	1	106	147113	147218	6.41e-47	192.0	100.0	100	172259	106	1.0	0	55.74%	96021.00	Col440I_1_pld1
241	NZ_CP026175.1	1	103	147262	147364	2.62e-45	187.0	100.0	100	172259	103	1.0	0	55.74%	96021.00	Col440I_1_pld1
234	NZ_CP026175.1	1	124	147365	147488	6.969999999999998e-54	215.0	98.387	100	172259	124	1.0	0	55.74%	96021.00	Col440I_1_pld1
96	NZ_CP026175.1	1	1943	147489	149431	0.0	3505.0	100.0	100	172259	1943	1.0	0	55.74%	96021.00	Col440I_1_pld1
72	NZ_CP026175.1	2814	7935	161715	166845	0.0	8364.0	96.22	95	172259	8377	0.611436074967172	0	55.74%	96021.00	Col440I_1_pld1
231	NZ_CP026175.1	1	125	166846	166970	3.89e-57	226.0	100.0	100	172259	125	1.0	0	55.74%	96021.00	Col440I_1_pld1
186	NZ_CP026175.1	1	185	166989	167173	1.7e-89	334.0	100.0	100	172259	185	1.0	0	55.74%	96021.00	Col440I_1_pld1
140_R	NZ_CP026175.1	1	478	167175	167652	0.0	863.0	100.0	100	172259	478	1.0	0	55.74%	96021.00	Col440I_1_pld1
159	NZ_CP026175.1	1	330	167712	168041	2.6999999999999998e-166	591.0	99.697	100	172259	330	1.0	0	55.74%	96021.00	Col440I_1_pld1
80	NZ_CP026175.1	1059	4473	168042	171456	0.0	6155.0	99.971	76	172259	4473	0.7634697071316789	0	55.74%	96021.00	Col440I_1_pld1
210	NZ_CP026175.1	1	144	171457	171600	2.2699999999999997e-67	260.0	100.0	100	172259	144	1.0	0	55.74%	96021.00	Col440I_1_pld1
193	NZ_CP026175.1	1	168	171601	171768	1.09e-78	299.0	99.405	100	172259	168	1.0	0	55.74%	96021.00	Col440I_1_pld1
198_R	NZ_CP026176.1	1	160	61	220	5.3e-76	289.0	100.0	100	18977	160	1.0	0	27.26%	5174.00	Col440I_1_pld1
85	NZ_CP026176.1	1	1793	221	2013	0.0	3230.0	99.944	53	18977	3389	0.5290646208321038	0	27.26%	5174.00	Col440I_1_pld1
198	NZ_CP026176.1	1	160	11634	11793	5.3e-76	289.0	100.0	100	18977	160	1.0	0	27.26%	5174.00	Col440I_1_pld1
82_R	NZ_CP026176.1	498	3617	12027	15087	0.0	4829.0	94.311	72	18977	4304	0.724907063197026	0	27.26%	5174.00	Col440I_1_pld1
198_R	NZ_CP028552.2	1	160	301	460	1.98e-62	244.0	93.75	100	4686	160	1.0	0	34.04%	1595.00	Col440I_1_pld1
82	NZ_CP028552.2	180	1603	641	2075	0.0	2018.0	91.383	33	4686	4304	0.3308550185873606	0	34.04%	1595.00	Col440I_1_pld1
82	NZ_CP028779.2	187	1602	233	1644	0.0	2003.0	91.555	33	3999	4304	0.328996282527881	0	35.31%	1412.00	Col440I_1_pld1
82_R	NZ_CP029585.1	2702	4303	5050	6648	0.0	2343.0	92.8	37	8809	4304	0.3722118959107807	0	19.97%	1759.00	Col440I_1_pld1
198	NZ_CP029585.1	1	160	6650	6809	2.74e-73	280.0	98.75	100	8809	160	1.0	0	19.97%	1759.00	Col440I_1_pld1
198	NZ_CP030721.1	1	160	244	403	1.17e-71	276.0	98.125	100	4119	160	1.0	0	36.85%	1518.00	Col440I_1_pld1
82_R	NZ_CP030721.1	2704	4061	2762	4119	0.0	1947.0	91.947	32	4119	4304	0.3155204460966542	0	36.85%	1518.00	Col440I_1_pld1
82_R	NZ_CP030722.1	2704	4303	1057	2656	0.0	2383.0	93.159	37	4119	4304	0.3717472118959107	0	42.73%	1760.00	Col440I_1_pld1
198	NZ_CP030722.1	1	160	2658	2817	1.17e-71	276.0	98.125	100	4119	160	1.0	0	42.73%	1760.00	Col440I_1_pld1
82_R	NZ_CP030729.1	2704	4303	1057	2656	0.0	2383.0	93.159	37	4119	4304	0.3717472118959107	0	42.73%	1760.00	Col440I_1_pld1
198	NZ_CP030729.1	1	160	2658	2817	1.17e-71	276.0	98.125	100	4119	160	1.0	0	42.73%	1760.00	Col440I_1_pld1
82_R	NZ_CP030737.1	2704	4303	1057	2656	0.0	2383.0	93.159	37	4119	4304	0.3717472118959107	0	42.73%	1760.00	Col440I_1_pld1
198	NZ_CP030737.1	1	160	2658	2817	1.17e-71	276.0	98.125	100	4119	160	1.0	0	42.73%	1760.00	Col440I_1_pld1
82_R	NZ_CP030745.1	2704	4303	1057	2656	0.0	2383.0	93.159	37	4119	4304	0.3717472118959107	0	42.73%	1760.00	Col440I_1_pld1
198	NZ_CP030745.1	1	160	2658	2817	1.17e-71	276.0	98.125	100	4119	160	1.0	0	42.73%	1760.00	Col440I_1_pld1
198_R	NZ_CP031797.1	1	160	1455	1614	1.62e-63	249.0	94.375	100	4269	160	1.0	0	37.36%	1595.00	Col440I_1_pld1
82	NZ_CP031797.1	180	1603	1795	3229	0.0	2031.0	91.591	33	4269	4304	0.3308550185873606	0	37.36%	1595.00	Col440I_1_pld1
82	NZ_CP031816.1	187	1620	1312	2740	0.0	2021.0	91.603	33	4110	4304	0.33317843866171	0	34.77%	1429.00	Col440I_1_pld1
82_R	NZ_CP031853.1	2702	4125	67	1501	0.0	2018.0	91.383	33	4685	4304	0.3308550185873606	0	34.04%	1595.00	Col440I_1_pld1
198	NZ_CP031853.1	1	160	1682	1841	1.98e-62	244.0	93.75	100	4685	160	1.0	0	34.04%	1595.00	Col440I_1_pld1
82	NZ_CP033949.1	1329	3003	1	1679	0.0	2608.0	94.438	39	7819	4304	0.3891728624535316	0	21.47%	1679.00	Col440I_1_pld1
82_R	NZ_CP034680.1	2655	4118	1536	2997	0.0	2208.0	93.588	34	3897	4304	0.3401486988847583	0	37.52%	1462.00	Col440I_1_pld1
82_R	NZ_CP035127.1	2652	4118	2870	4343	0.0	2007.0	90.399	34	4991	4304	0.3408457249070632	0	29.53%	1474.00	Col440I_1_pld1
82_R	NZ_CP036322.1	1302	3909	1617	4223	0.0	3681.0	91.303	61	7815	4304	0.6059479553903345	0	33.36%	2607.00	Col440I_1_pld1
82_R	NZ_CP036324.1	2652	4118	975	2446	0.0	2004.0	90.399	34	4986	4304	0.3408457249070632	0	29.52%	1472.00	Col440I_1_pld1
82	NZ_CP040353.1	180	1613	2393	3831	0.0	2041.0	91.482	33	4007	4304	0.33317843866171	0	35.91%	1439.00	Col440I_1_pld1
85_R	NZ_CP040860.1	607	2681	794	2878	0.0	3385.0	96.119	61	5840	3389	0.6122750073768073	0	47.16%	2754.00	Col440I_1_pld1
82_R	NZ_CP040860.1	2655	4123	1920	3387	0.0	2092.0	91.723	34	5840	4304	0.3413104089219331	0	47.16%	2754.00	Col440I_1_pld1
198	NZ_CP040860.1	1	160	3567	3726	1.98e-62	244.0	93.75	100	5840	160	1.0	0	47.16%	2754.00	Col440I_1_pld1
198	NZ_CP043381.1	1	160	39	198	2.74e-73	280.0	98.75	100	4944	160	1.0	0	34.83%	1722.00	Col440I_1_pld1
82_R	NZ_CP043381.1	2704	4266	3383	4944	0.0	2309.0	93.057	36	4944	4304	0.3631505576208178	0	34.83%	1722.00	Col440I_1_pld1
82	NZ_CP044041.1	238	1603	1	1363	0.0	1911.0	91.26	32	3693	4304	0.3173791821561338	0	36.91%	1363.00	Col440I_1_pld1
82_R	NZ_CP044044.1	1302	3909	2350	4957	0.0	3659.0	91.109	61	7819	4304	0.6059479553903345	0	33.35%	2608.00	Col440I_1_pld1
82	NZ_CP044216.1	165	1642	1349	2830	0.0	2158.0	92.406	34	4359	4304	0.3434014869888476	0	34.00%	1482.00	Col440I_1_pld1
198_R	NZ_CP048355.1	1	160	2859	3018	2.25e-74	285.0	99.375	100	4340	160	1.0	0	34.10%	1480.00	Col440I_1_pld1
82	NZ_CP048355.1	3	1321	3021	4340	0.0	2058.0	94.637	31	4340	4304	0.3064591078066914	0	34.10%	1480.00	Col440I_1_pld1
82	NZ_CP048393.1	187	1654	1642	3118	0.0	2035.0	90.97	34	5101	4304	0.3410780669144981	0	28.96%	1477.00	Col440I_1_pld1
198_R	NZ_CP053040.1	1	160	1803	1962	2.74e-73	280.0	98.75	100	4167	160	1.0	0	42.21%	1759.00	Col440I_1_pld1
82	NZ_CP053040.1	2	1601	1964	3562	0.0	2371.0	93.155	37	4167	4304	0.3717472118959107	0	42.21%	1759.00	Col440I_1_pld1
82_R	NZ_CP053780.1	2704	4303	597	2195	0.0	2376.0	93.217	37	4167	4304	0.3717472118959107	0	42.21%	1759.00	Col440I_1_pld1
198	NZ_CP053780.1	1	160	2197	2356	2.74e-73	280.0	98.75	100	4167	160	1.0	0	42.21%	1759.00	Col440I_1_pld1
82_R	NZ_CP055098.1	1302	3909	5250	7859	0.0	3654.0	91.103	61	11713	4304	0.6059479553903345	0	22.28%	2610.00	Col440I_1_pld1
82_R	NZ_CP055190.1	2652	4118	740	2213	0.0	2018.0	90.521	34	4473	4304	0.3408457249070632	0	32.95%	1474.00	Col440I_1_pld1
82_R	NZ_CP055191.1	2704	4303	656	2254	0.0	2371.0	93.155	37	4167	4304	0.3717472118959107	0	42.21%	1759.00	Col440I_1_pld1
198	NZ_CP055191.1	1	160	2256	2415	2.74e-73	280.0	98.75	100	4167	160	1.0	0	42.21%	1759.00	Col440I_1_pld1
198	NZ_CP055319.1	1	160	945	1104	5.3e-76	289.0	100.0	100	7832	160	1.0	0	38.13%	2986.00	Col440I_1_pld1
82_R	NZ_CP055319.1	498	3381	5007	7832	0.0	4475.0	94.366	67	7832	4304	0.6700743494423792	0	38.13%	2986.00	Col440I_1_pld1
82_R	NZ_CP056218.1	2685	4125	541	1985	0.0	1982.0	90.702	33	4805	4304	0.3348048327137546	0	33.40%	1605.00	Col440I_1_pld1
198	NZ_CP056218.1	1	160	2166	2325	1.98e-62	244.0	93.75	100	4805	160	1.0	0	33.40%	1605.00	Col440I_1_pld1
198	NZ_CP056690.1	1	160	969	1128	5.3e-76	289.0	100.0	100	4163	160	1.0	0	71.05%	2958.00	Col440I_1_pld1
82_R	NZ_CP056690.1	498	3353	1362	4159	0.0	4452.0	94.52	66	4163	4304	0.6635687732342007	0	71.05%	2958.00	Col440I_1_pld1
82	NZ_CP056764.1	187	1604	1793	3207	0.0	2007.0	91.661	33	4479	4304	0.3294609665427509	0	31.59%	1415.00	Col440I_1_pld1
198_R	NZ_CP058127.1	1	160	296	455	5.3e-76	289.0	100.0	100	4841	160	1.0	0	37.39%	1810.00	Col440I_1_pld1
82	NZ_CP058127.1	3	1658	458	2107	0.0	2349.0	91.377	38	4841	4304	0.3847583643122677	0	37.39%	1810.00	Col440I_1_pld1
82	NZ_CP058864.1	765	4303	351	3980	0.0	5395.0	92.645	82	4201	4304	0.8222583643122676	0	86.41%	3630.00	Col440I_1_pld1
82	NZ_CP058947.1	2	1601	3664	5262	0.0	2371.0	93.155	37	7825	4304	0.3717472118959107	0	22.36%	1750.00	Col440I_1_pld1
198_R	NZ_CP058947.1	1	151	7670	7820	1.7299999999999998e-69	269.0	99.338	94	7825	160	0.94375	0	22.36%	1750.00	Col440I_1_pld1
198_R	NZ_CP059307.1	1	160	1134	1293	2.74e-73	280.0	98.75	100	4167	160	1.0	0	42.21%	1759.00	Col440I_1_pld1
82	NZ_CP059307.1	2	1601	1295	2893	0.0	2371.0	93.155	37	4167	4304	0.3717472118959107	0	42.21%	1759.00	Col440I_1_pld1
198_R	NZ_CP059313.1	1	160	1991	2150	2.74e-73	280.0	98.75	100	4167	160	1.0	0	42.21%	1759.00	Col440I_1_pld1
82	NZ_CP059313.1	2	1601	2152	3750	0.0	2371.0	93.155	37	4167	4304	0.3717472118959107	0	42.21%	1759.00	Col440I_1_pld1
82	NZ_CP059753.1	187	1653	1058	2531	0.0	2028.0	90.885	34	4991	4304	0.3408457249070632	0	29.53%	1474.00	Col440I_1_pld1
198_R	NZ_CP061825.1	1	160	1091	1250	2.74e-73	280.0	98.75	100	2574	160	1.0	0	57.61%	1483.00	Col440I_1_pld1
82	NZ_CP061825.1	2	1324	1252	2574	0.0	2144.0	96.157	31	2574	4304	0.3073884758364312	0	57.61%	1483.00	Col440I_1_pld1
82_R	NZ_CP062143.1	2685	3956	1517	2780	0.0	1856.0	92.639	30	2780	4304	0.2955390334572491	0	45.47%	1264.00	Col440I_1_pld1
82_R	NZ_CP065845.1	2704	4118	290	1702	0.0	1965.0	90.941	33	4000	4304	0.3287639405204461	0	35.33%	1413.00	Col440I_1_pld1
82	NZ_CP067264.1	187	1602	1607	3018	0.0	2003.0	91.555	33	4001	4304	0.328996282527881	0	35.29%	1412.00	Col440I_1_pld1
82_R	NZ_CP069824.1	2704	4303	1780	3378	0.0	2371.0	93.155	37	4167	4304	0.3717472118959107	0	42.21%	1759.00	Col440I_1_pld1
198	NZ_CP069824.1	1	160	3380	3539	2.74e-73	280.0	98.75	100	4167	160	1.0	0	42.21%	1759.00	Col440I_1_pld1
82_R	NZ_CP069909.1	2655	4125	425	1901	0.0	2044.0	91.02	34	4809	4304	0.3417750929368029	0	30.71%	1477.00	Col440I_1_pld1
198_R	NZ_CP069910.1	1	160	3722	3881	1.98e-62	244.0	93.75	100	5840	160	1.0	0	27.88%	1628.00	Col440I_1_pld1
82	NZ_CP069910.1	182	1650	4061	5528	0.0	2092.0	91.723	34	5840	4304	0.3413104089219331	0	27.88%	1628.00	Col440I_1_pld1
198	NZ_CP069949.1	1	160	128	287	2.74e-73	280.0	98.75	100	4167	160	1.0	0	39.19%	1633.00	Col440I_1_pld1
82_R	NZ_CP069949.1	2704	4177	2695	4167	0.0	2153.0	92.708	34	4167	4304	0.3424721189591078	0	39.19%	1633.00	Col440I_1_pld1
82_R	NZ_CP070094.1	2655	4118	1436	2893	0.0	2067.0	91.78	34	4071	4304	0.3401486988847583	0	35.81%	1458.00	Col440I_1_pld1
85_R	NZ_CP070109.1	607	2681	1547	3631	0.0	3385.0	96.119	61	5840	3389	0.6122750073768073	0	47.16%	2754.00	Col440I_1_pld1
82_R	NZ_CP070109.1	2655	4123	2673	4140	0.0	2092.0	91.723	34	5840	4304	0.3413104089219331	0	47.16%	2754.00	Col440I_1_pld1
198	NZ_CP070109.1	1	160	4320	4479	1.98e-62	244.0	93.75	100	5840	160	1.0	0	47.16%	2754.00	Col440I_1_pld1
82_R	NZ_CP070146.1	2655	4142	1911	3398	0.0	2012.0	90.161	35	6220	4304	0.345724907063197	0	26.50%	1648.00	Col440I_1_pld1
198	NZ_CP070146.1	1	160	5921	6080	3.13e-66	258.0	95.625	100	6220	160	1.0	0	26.50%	1648.00	Col440I_1_pld1
82	NZ_CP070412.1	396	2767	5452	7824	0.0	3278.0	90.609	55	10405	4304	0.5511152416356877	0	22.81%	2373.00	Col440I_1_pld1
82_R	NZ_CP070417.1	1538	3133	8805	10405	0.0	2469.0	94.165	37	10405	4304	0.370817843866171	0	15.39%	1601.00	Col440I_1_pld1
82	NZ_CP070427.1	396	2767	5452	7824	0.0	3278.0	90.609	55	10405	4304	0.5511152416356877	0	22.81%	2373.00	Col440I_1_pld1
82_R	NZ_CP070432.1	1538	3133	8805	10405	0.0	2469.0	94.165	37	10405	4304	0.370817843866171	0	15.39%	1601.00	Col440I_1_pld1
82_R	NZ_CP070443.1	2652	4118	3157	4630	0.0	2007.0	90.399	34	4991	4304	0.3408457249070632	0	29.53%	1474.00	Col440I_1_pld1
82_R	NZ_CP070447.1	1538	3133	8805	10405	0.0	2469.0	94.165	37	10405	4304	0.370817843866171	0	15.39%	1601.00	Col440I_1_pld1
82	NZ_CP070451.1	396	2767	5452	7824	0.0	3278.0	90.609	55	10405	4304	0.5511152416356877	0	22.81%	2373.00	Col440I_1_pld1
82_R	NZ_CP070457.1	2652	4118	3157	4630	0.0	2007.0	90.399	34	4991	4304	0.3408457249070632	0	29.53%	1474.00	Col440I_1_pld1
82_R	NZ_CP070584.1	2655	4118	5487	6945	0.0	2055.0	91.423	34	8023	4304	0.3401486988847583	0	18.19%	1459.00	Col440I_1_pld1
198_R	NZ_CP070894.1	1	160	633	792	2.74e-73	280.0	98.75	100	4167	160	1.0	0	42.21%	1759.00	Col440I_1_pld1
82	NZ_CP070894.1	2	1601	794	2392	0.0	2371.0	93.155	37	4167	4304	0.3717472118959107	0	42.21%	1759.00	Col440I_1_pld1
82_R	NZ_CP071031.1	2704	4303	1414	3012	0.0	2371.0	93.155	37	4167	4304	0.3717472118959107	0	42.21%	1759.00	Col440I_1_pld1
198	NZ_CP071031.1	1	160	3014	3173	2.74e-73	280.0	98.75	100	4167	160	1.0	0	42.21%	1759.00	Col440I_1_pld1
82	NZ_CP071257.1	187	1650	853	2315	0.0	2061.0	91.349	34	5266	4304	0.3401486988847583	0	27.78%	1463.00	Col440I_1_pld1
82	NZ_CP071258.1	187	1602	1597	3007	0.0	2037.0	92.042	33	4369	4304	0.328996282527881	0	32.30%	1411.00	Col440I_1_pld1
82_R	NZ_CP072405.1	1538	3133	8805	10405	0.0	2469.0	94.165	37	10405	4304	0.370817843866171	0	15.39%	1601.00	Col440I_1_pld1
82_R	NZ_CP072410.1	1538	3133	8805	10405	0.0	2469.0	94.165	37	10405	4304	0.370817843866171	0	15.39%	1601.00	Col440I_1_pld1
82	NZ_CP072415.1	1303	2767	2	1471	0.0	2246.0	93.851	34	10275	4304	0.3403810408921933	0	14.31%	1470.00	Col440I_1_pld1
82_R	NZ_CP072471.1	2652	4118	3156	4629	0.0	2007.0	90.399	34	4991	4304	0.3408457249070632	0	29.53%	1474.00	Col440I_1_pld1
198_R	NZ_CP072728.1	1	160	1091	1250	2.74e-73	280.0	98.75	100	2574	160	1.0	0	57.61%	1483.00	Col440I_1_pld1
82	NZ_CP072728.1	2	1324	1252	2574	0.0	2144.0	96.157	31	2574	4304	0.3073884758364312	0	57.61%	1483.00	Col440I_1_pld1
198_R	NZ_CP072739.1	1	160	1091	1250	2.74e-73	280.0	98.75	100	2574	160	1.0	0	57.61%	1483.00	Col440I_1_pld1
82	NZ_CP072739.1	2	1324	1252	2574	0.0	2144.0	96.157	31	2574	4304	0.3073884758364312	0	57.61%	1483.00	Col440I_1_pld1
198_R	NZ_CP075285.1	1	160	1883	2042	2.74e-73	280.0	98.75	100	6789	160	1.0	0	25.82%	1753.00	Col440I_1_pld1
82	NZ_CP075285.1	2	1596	2044	3636	0.0	2351.0	93.209	37	6789	4304	0.370585501858736	0	25.82%	1753.00	Col440I_1_pld1
198_R	NZ_CP076014.1	1	160	7	166	2.74e-73	280.0	98.75	100	4167	160	1.0	0	42.21%	1759.00	Col440I_1_pld1
82	NZ_CP076014.1	2	1601	168	1766	0.0	2371.0	93.155	37	4167	4304	0.3717472118959107	0	42.21%	1759.00	Col440I_1_pld1
82_R	NZ_CP076109.1	2655	4118	3126	4586	0.0	2058.0	91.582	34	9642	4304	0.3401486988847583	0	15.15%	1461.00	Col440I_1_pld1
82	NZ_CP079117.1	396	3003	2735	5342	0.0	3686.0	91.337	61	7819	4304	0.6059479553903345	0	33.35%	2608.00	Col440I_1_pld1
198_R	NZ_CP079169.1	1	160	981	1140	2.74e-73	280.0	98.75	100	4167	160	1.0	0	42.21%	1759.00	Col440I_1_pld1
82	NZ_CP079169.1	2	1601	1142	2740	0.0	2376.0	93.217	37	4167	4304	0.3717472118959107	0	42.21%	1759.00	Col440I_1_pld1
82_R	NZ_CP079175.1	1302	3909	4155	6762	0.0	3686.0	91.337	61	7819	4304	0.6059479553903345	0	33.35%	2608.00	Col440I_1_pld1
82	NZ_CP079178.1	187	1653	2613	4086	0.0	2007.0	90.399	34	4991	4304	0.3408457249070632	0	29.53%	1474.00	Col440I_1_pld1
82	NZ_CP079182.1	1503	3003	61	1568	0.0	2466.0	96.296	35	7819	4304	0.3487453531598513	0	19.29%	1508.00	Col440I_1_pld1
82_R	NZ_CP079189.1	1302	3909	576	3183	0.0	3686.0	91.337	61	7819	4304	0.6059479553903345	0	33.35%	2608.00	Col440I_1_pld1
82_R	NZ_CP079191.1	2652	4118	2402	3875	0.0	2007.0	90.399	34	4991	4304	0.3408457249070632	0	29.53%	1474.00	Col440I_1_pld1
82	NZ_CP079612.1	187	1653	2691	4164	0.0	2007.0	90.399	34	4991	4304	0.3408457249070632	0	29.53%	1474.00	Col440I_1_pld1
82	NZ_CP079620.1	396	3003	1789	4396	0.0	3686.0	91.337	61	7819	4304	0.6059479553903345	0	33.35%	2608.00	Col440I_1_pld1
82	NZ_CP079648.1	1303	3003	2	1706	0.0	2654.0	94.522	40	5691	4304	0.3952137546468401	0	29.96%	1705.00	Col440I_1_pld1
82	NZ_CP079660.1	396	3003	2735	5342	0.0	3686.0	91.337	61	7819	4304	0.6059479553903345	0	33.35%	2608.00	Col440I_1_pld1
82_R	NZ_CP079664.1	2652	4118	422	1895	0.0	1998.0	90.264	34	4991	4304	0.3408457249070632	0	29.53%	1474.00	Col440I_1_pld1
82_R	NZ_CP079687.1	2652	4118	530	2003	0.0	2007.0	90.399	34	4991	4304	0.3408457249070632	0	29.53%	1474.00	Col440I_1_pld1
82	NZ_CP079697.1	187	1653	1151	2624	0.0	2007.0	90.399	34	4991	4304	0.3408457249070632	0	29.53%	1474.00	Col440I_1_pld1
82	NZ_CP079810.1	1303	3003	2	1706	0.0	2654.0	94.522	40	7753	4304	0.3952137546468401	0	21.99%	1705.00	Col440I_1_pld1
82_R	NZ_CP080368.1	2702	4140	225	1660	0.0	2013.0	91.436	33	4687	4304	0.3343401486988847	0	30.64%	1436.00	Col440I_1_pld1
82	NZ_CP081831.1	187	1654	1642	3118	0.0	2039.0	91.111	34	5101	4304	0.3410780669144981	0	28.96%	1477.00	Col440I_1_pld1
82	NZ_CP083015.1	187	1620	52	1484	0.0	2065.0	92.286	33	3541	4304	0.33317843866171	0	40.47%	1433.00	Col440I_1_pld1
82_R	NZ_CP083025.1	2685	4118	124	1556	0.0	2065.0	92.286	33	3541	4304	0.33317843866171	0	40.47%	1433.00	Col440I_1_pld1
82	NZ_CP083040.1	187	1620	728	2160	0.0	2065.0	92.286	33	3541	4304	0.33317843866171	0	40.47%	1433.00	Col440I_1_pld1
82_R	NZ_CP083074.1	2704	4303	101	1699	0.0	2371.0	93.155	37	4167	4304	0.3717472118959107	0	42.21%	1759.00	Col440I_1_pld1
198	NZ_CP083074.1	1	160	1701	1860	2.74e-73	280.0	98.75	100	4167	160	1.0	0	42.21%	1759.00	Col440I_1_pld1
82_R	NZ_CP083079.1	2704	4303	136	1734	0.0	2371.0	93.155	37	4167	4304	0.3717472118959107	0	42.21%	1759.00	Col440I_1_pld1
198	NZ_CP083079.1	1	160	1736	1895	2.74e-73	280.0	98.75	100	4167	160	1.0	0	42.21%	1759.00	Col440I_1_pld1
82	NZ_CP083781.1	180	1602	1253	2669	0.0	1985.0	91.253	33	3643	4304	0.3306226765799256	0	38.90%	1417.00	Col440I_1_pld1
82_R	NZ_CP083789.1	2702	4125	489	1923	0.0	2018.0	91.383	33	4268	4304	0.3308550185873606	0	37.37%	1595.00	Col440I_1_pld1
198	NZ_CP083789.1	1	160	2104	2263	1.98e-62	244.0	93.75	100	4268	160	1.0	0	37.37%	1595.00	Col440I_1_pld1
198_R	NZ_CP083936.1	1	160	2501	2660	2.74e-73	280.0	98.75	100	4167	160	1.0	0	38.47%	1603.00	Col440I_1_pld1
82	NZ_CP083936.1	2	1444	2662	4104	0.0	2333.0	96.061	34	4167	4304	0.3352695167286245	0	38.47%	1603.00	Col440I_1_pld1
114	NZ_CP084795.1	1	898	437	1334	0.0	1620.0	100.0	100	7876	898	1.0	0	47.03%	3704.00	Col440I_1_pld1
105_R	NZ_CP084795.1	1	1380	1335	2714	0.0	2489.0	100.0	100	7876	1380	1.0	0	47.03%	3704.00	Col440I_1_pld1
82	NZ_CP084795.1	187	1618	3825	5250	0.0	1953.0	90.777	33	7876	4304	0.3327137546468401	0	47.03%	3704.00	Col440I_1_pld1
82_R	NZ_CP084797.1	2655	4118	1348	2810	0.0	2061.0	91.349	34	5266	4304	0.3401486988847583	0	27.78%	1463.00	Col440I_1_pld1
82_R	NZ_CP084813.1	498	3466	281	3191	0.0	4619.0	94.459	69	5223	4304	0.6898234200743495	0	55.73%	2911.00	Col440I_1_pld1
82_R	NZ_CP084837.1	1819	4303	1859	4338	0.0	3998.0	95.738	99	8210	4304	0.5773698884758365	0	32.16%	2640.00	Col440I_1_pld1
198	NZ_CP084837.1	1	160	4340	4499	2.25e-74	285.0	99.375	100	8210	160	1.0	0	32.16%	2640.00	Col440I_1_pld1
82	NZ_CP084858.1	187	1602	323	1733	0.0	2032.0	91.972	33	4369	4304	0.328996282527881	0	32.30%	1411.00	Col440I_1_pld1
82_R	NZ_CP086422.1	2685	4118	1369	2801	0.0	2065.0	92.286	33	3541	4304	0.33317843866171	0	40.47%	1433.00	Col440I_1_pld1
82	NZ_CP086430.1	187	1620	693	2125	0.0	2065.0	92.286	33	3541	4304	0.33317843866171	0	40.47%	1433.00	Col440I_1_pld1
82	NZ_CP086438.1	187	1620	1605	3037	0.0	2065.0	92.286	33	3541	4304	0.33317843866171	0	40.47%	1433.00	Col440I_1_pld1
82_R	NZ_CP086454.1	2685	4118	1339	2771	0.0	2065.0	92.286	33	3541	4304	0.33317843866171	0	40.47%	1433.00	Col440I_1_pld1
198_R	NZ_CP089004.1	1	160	414	573	2.74e-73	280.0	98.75	100	4167	160	1.0	0	42.21%	1759.00	Col440I_1_pld1
82	NZ_CP089004.1	2	1601	575	2173	0.0	2371.0	93.155	37	4167	4304	0.3717472118959107	0	42.21%	1759.00	Col440I_1_pld1
198_R	NZ_CP089388.1	1	160	2780	2939	2.74e-73	280.0	98.75	100	9448	160	1.0	0	19.40%	1833.00	Col440I_1_pld1
82	NZ_CP089388.1	2	1649	2941	4613	0.0	2378.0	91.836	38	9448	4304	0.3828996282527881	0	19.40%	1833.00	Col440I_1_pld1
82_R	NZ_CP091589.1	2704	4303	1202	2800	0.0	2367.0	93.093	37	7619	4304	0.3717472118959107	0	46.17%	3518.00	Col440I_1_pld1
198	NZ_CP091589.1	1	160	2802	2961	2.74e-73	280.0	98.75	100	7619	160	1.0	0	46.17%	3518.00	Col440I_1_pld1
82_R	NZ_CP091589.1	2704	4303	5369	6967	0.0	2367.0	93.093	37	7619	4304	0.3717472118959107	0	46.17%	3518.00	Col440I_1_pld1
198	NZ_CP091589.1	1	160	6969	7128	2.74e-73	280.0	98.75	100	7619	160	1.0	0	46.17%	3518.00	Col440I_1_pld1
82	NZ_CP091817.1	2	1601	2775	4369	0.0	2353.0	93.026	37	15469	4304	0.3717472118959107	0	10.31%	1595.00	Col440I_1_pld1
82_R	NZ_CP092518.1	2702	4125	2965	4385	0.0	2033.0	91.894	33	4655	4304	0.3308550185873606	0	30.53%	1421.00	Col440I_1_pld1
82_R	NZ_CP093463.1	658	4218	1	3549	0.0	5901.0	96.939	85	5988	4304	0.8273698884758365	0	61.94%	3709.00	Col440I_1_pld1
198	NZ_CP093463.1	1	160	5088	5247	2.25e-74	285.0	99.375	100	5988	160	1.0	0	61.94%	3709.00	Col440I_1_pld1
82_R	NZ_CP095144.1	2703	4125	1022	2438	0.0	1976.0	91.113	33	3643	4304	0.3306226765799256	0	38.90%	1417.00	Col440I_1_pld1
82	NZ_CP095149.1	187	1603	3176	4589	0.0	2001.0	91.725	33	4642	4304	0.329228624535316	0	30.46%	1414.00	Col440I_1_pld1
82_R	NZ_CP095561.1	2652	4118	1840	3313	0.0	2007.0	90.399	34	4991	4304	0.3408457249070632	0	29.53%	1474.00	Col440I_1_pld1
82_R	NZ_CP095562.1	2704	4303	1519	3117	0.0	2371.0	93.155	37	4167	4304	0.3717472118959107	0	42.21%	1759.00	Col440I_1_pld1
198	NZ_CP095562.1	1	160	3119	3278	2.74e-73	280.0	98.75	100	4167	160	1.0	0	42.21%	1759.00	Col440I_1_pld1
198_R	NZ_CP098126.1	1	160	2111	2270	2.74e-73	280.0	98.75	100	4167	160	1.0	0	42.21%	1759.00	Col440I_1_pld1
82	NZ_CP098126.1	2	1601	2272	3870	0.0	2371.0	93.155	37	4167	4304	0.3717472118959107	0	42.21%	1759.00	Col440I_1_pld1
198	NZ_CP098144.1	1	160	316	475	2.74e-73	280.0	98.75	100	4167	160	1.0	0	34.68%	1445.00	Col440I_1_pld1
82_R	NZ_CP098144.1	2704	3989	2883	4167	0.0	1819.0	91.725	30	4167	4304	0.2987918215613382	0	34.68%	1445.00	Col440I_1_pld1
198	NZ_CP098174.1	1	160	242	401	2.74e-73	280.0	98.75	100	4167	160	1.0	0	36.45%	1519.00	Col440I_1_pld1
82_R	NZ_CP098174.1	2704	4063	2809	4167	0.0	1948.0	92.099	32	4167	4304	0.3159851301115242	0	36.45%	1519.00	Col440I_1_pld1
198_R	NZ_CP098432.1	1	160	107	266	2.74e-73	280.0	98.75	100	4167	160	1.0	0	42.21%	1759.00	Col440I_1_pld1
82	NZ_CP098432.1	2	1601	268	1866	0.0	2371.0	93.155	37	4167	4304	0.3717472118959107	0	42.21%	1759.00	Col440I_1_pld1
198_R	NZ_CP101122.1	1	160	1597	1756	2.74e-73	280.0	98.75	100	4167	160	1.0	0	42.21%	1759.00	Col440I_1_pld1
82	NZ_CP101122.1	2	1601	1758	3356	0.0	2371.0	93.155	37	4167	4304	0.3717472118959107	0	42.21%	1759.00	Col440I_1_pld1
82_R	NZ_CP101551.1	2702	4118	2128	3541	0.0	2029.0	92.113	33	4234	4304	0.329228624535316	0	33.40%	1414.00	Col440I_1_pld1
82	NZ_CP101883.1	165	1603	242	1677	0.0	2018.0	91.506	33	4678	4304	0.3343401486988847	0	30.70%	1436.00	Col440I_1_pld1
82	NZ_CP102551.1	165	1603	1016	2451	0.0	2018.0	91.506	33	4642	4304	0.3343401486988847	0	30.93%	1436.00	Col440I_1_pld1
82_R	NZ_CP102876.1	2652	4118	1011	2484	0.0	2013.0	90.454	34	4473	4304	0.3408457249070632	0	32.95%	1474.00	Col440I_1_pld1
82_R	NZ_CP102897.1	2663	4117	1185	2635	0.0	2122.0	92.519	34	4513	4304	0.3380576208178438	0	32.15%	1451.00	Col440I_1_pld1
82_R	NZ_CP102902.1	2655	4118	1427	2885	0.0	2059.0	91.491	34	4353	4304	0.3401486988847583	0	33.52%	1459.00	Col440I_1_pld1
82	NZ_CP102908.1	303	1650	1	1343	0.0	1864.0	90.983	31	4353	4304	0.3131970260223048	0	30.85%	1343.00	Col440I_1_pld1
82_R	NZ_CP102992.1	2704	4303	2365	3963	0.0	2371.0	93.155	37	4167	4304	0.3717472118959107	0	42.21%	1759.00	Col440I_1_pld1
198	NZ_CP102992.1	1	160	3965	4124	2.74e-73	280.0	98.75	100	4167	160	1.0	0	42.21%	1759.00	Col440I_1_pld1
84_R	NZ_CP103622.1	525	3901	51128	54507	0.0	5485.0	96.037	87	243762	3901	0.8656754678287618	0	19.74%	48113.00	Col440I_1_pld1
91	NZ_CP103622.1	1	2451	55729	58179	0.0	4421.0	100.0	100	243762	2451	1.0	0	19.74%	48113.00	Col440I_1_pld1
167_R	NZ_CP103622.1	1	265	59082	59346	9.620000000000001e-133	479.0	100.0	100	243762	265	1.0	0	19.74%	48113.00	Col440I_1_pld1
149	NZ_CP103622.1	1	399	60512	60910	0.0	720.0	100.0	100	243762	399	1.0	0	19.74%	48113.00	Col440I_1_pld1
62_R	NZ_CP103622.1	1	14055	62205	76259	0.0	25334.0	99.979	100	243762	14055	1.0	0	19.74%	48113.00	Col440I_1_pld1
52_R	NZ_CP103622.1	1	19616	76322	95931	0.0	35200.0	99.801	100	243762	19616	1.0	0	19.74%	48113.00	Col440I_1_pld1
71	NZ_CP103622.1	239	6281	97519	103566	0.0	10808.0	99.636	71	243762	8509	0.710189211423199	0	19.74%	48113.00	Col440I_1_pld1
82_R	NZ_CP103622.1	2704	4304	190030	191629	0.0	2399.0	93.329	37	243762	4304	0.3719795539033457	0	19.74%	48113.00	Col440I_1_pld1
198	NZ_CP103622.1	1	160	191630	191789	5.3e-76	289.0	100.0	100	243762	160	1.0	0	19.74%	48113.00	Col440I_1_pld1
208	NZ_CP103622.1	1	145	238749	238893	6.56e-68	262.0	100.0	100	243762	145	1.0	0	19.74%	48113.00	Col440I_1_pld1
82_R	NZ_CP103735.1	2704	4118	88	1496	0.0	1948.0	91.069	33	4258	4304	0.3287639405204461	0	33.09%	1409.00	Col440I_1_pld1
82	NZ_CP104611.1	165	1603	14	1449	0.0	2018.0	91.506	33	4660	4304	0.3343401486988847	0	30.82%	1436.00	Col440I_1_pld1
82_R	NZ_CP104799.1	2702	4140	3104	4539	0.0	2013.0	91.436	33	4686	4304	0.3343401486988847	0	30.64%	1436.00	Col440I_1_pld1
82_R	NZ_CP106788.1	2703	4125	1262	2691	0.0	1978.0	90.934	33	4336	4304	0.3306226765799256	0	36.67%	1590.00	Col440I_1_pld1
198	NZ_CP106788.1	1	160	2872	3031	1.98e-62	244.0	93.75	100	4336	160	1.0	0	36.67%	1590.00	Col440I_1_pld1
82_R	NZ_CP110101.1	2657	4118	3511	4979	0.0	1996.0	90.65	34	5242	4304	0.3396840148698885	0	28.02%	1469.00	Col440I_1_pld1
82_R	NZ_CP110173.1	2657	4118	2766	4233	0.0	2051.0	91.734	34	5459	4304	0.3396840148698885	0	26.89%	1468.00	Col440I_1_pld1
82_R	NZ_CP112889.1	2702	4118	1704	3115	0.0	2027.0	92.107	33	4232	4304	0.329228624535316	0	33.36%	1412.00	Col440I_1_pld1
82_R	NZ_CP113172.1	2704	4303	1191	2789	0.0	2371.0	93.155	37	4167	4304	0.3717472118959107	0	42.21%	1759.00	Col440I_1_pld1
198	NZ_CP113172.1	1	160	2791	2950	2.74e-73	280.0	98.75	100	4167	160	1.0	0	42.21%	1759.00	Col440I_1_pld1
198	NZ_CP113183.1	1	159	292	450	9.58e-73	279.0	98.742	99	3674	160	0.99375	0	40.36%	1483.00	Col440I_1_pld1
82_R	NZ_CP113183.1	2702	4013	2351	3674	0.0	1825.0	90.799	30	3674	4304	0.3048327137546468	0	40.36%	1483.00	Col440I_1_pld1
82	NZ_CP113194.1	187	1653	1141	2614	0.0	2012.0	90.467	34	4991	4304	0.3408457249070632	0	29.53%	1474.00	Col440I_1_pld1
82	NZ_CP113195.1	187	1603	791	2202	0.0	2027.0	92.107	33	4232	4304	0.329228624535316	0	33.36%	1412.00	Col440I_1_pld1
198	NZ_CP113198.1	21	160	46764	46903	1.62e-63	249.0	99.286	88	60224	160	0.875	0	2.96%	1784.00	Col440I_1_pld1
82_R	NZ_CP113198.1	2655	4304	49923	51566	0.0	2410.0	92.368	38	60224	4304	0.383364312267658	0	2.96%	1784.00	Col440I_1_pld1
82	NZ_CP113200.1	1	1650	199231	200874	0.0	2410.0	92.368	38	294073	4304	0.383364312267658	0	0.61%	1784.00	Col440I_1_pld1
198_R	NZ_CP113200.1	1	140	203894	204033	1.62e-63	249.0	99.286	88	294073	160	0.875	0	0.61%	1784.00	Col440I_1_pld1
82_R	NZ_CP113207.1	2655	4304	3138	4780	0.0	2406.0	92.368	38	6510	4304	0.383364312267658	0	25.24%	1643.00	Col440I_1_pld1
82_R	NZ_CP113208.1	2663	4118	2134	3595	0.0	2017.0	90.928	34	3953	4304	0.3382899628252788	0	36.98%	1462.00	Col440I_1_pld1
82	NZ_CP113214.1	1	1650	8330	9973	0.0	2424.0	92.548	38	96379	4304	0.383364312267658	0	1.85%	1784.00	Col440I_1_pld1
198_R	NZ_CP113214.1	1	140	12993	13132	1.62e-63	249.0	99.286	88	96379	160	0.875	0	1.85%	1784.00	Col440I_1_pld1
198_R	NZ_CP113220.1	1	160	2050	2209	5.3e-76	289.0	100.0	100	4822	160	1.0	0	37.39%	1803.00	Col440I_1_pld1
82	NZ_CP113220.1	1	1650	2210	3852	0.0	2420.0	92.548	38	4822	4304	0.383364312267658	0	37.39%	1803.00	Col440I_1_pld1
82	NZ_CP114776.1	187	1603	2689	4102	0.0	2007.0	91.643	33	4655	4304	0.329228624535316	0	30.38%	1414.00	Col440I_1_pld1
82_R	NZ_CP115710.1	2704	4303	851	2455	0.0	2360.0	92.87	37	4173	4304	0.3717472118959107	0	42.30%	1765.00	Col440I_1_pld1
198	NZ_CP115710.1	1	160	2457	2616	2.74e-73	280.0	98.75	100	4173	160	1.0	0	42.30%	1765.00	Col440I_1_pld1
82_R	NZ_CP117485.1	2652	4303	509	2158	0.0	2247.0	90.282	38	2789	4304	0.3838289962825278	0	64.90%	1810.00	Col440I_1_pld1
198	NZ_CP117485.1	1	160	2160	2319	2.25e-74	285.0	99.375	100	2789	160	1.0	0	64.90%	1810.00	Col440I_1_pld1
82_R	NZ_CP117748.1	2861	4303	29	1471	0.0	2329.0	95.992	34	4167	4304	0.3352695167286245	0	38.47%	1603.00	Col440I_1_pld1
198	NZ_CP117748.1	1	160	1473	1632	2.74e-73	280.0	98.75	100	4167	160	1.0	0	38.47%	1603.00	Col440I_1_pld1
82	NZ_CP118938.1	187	1603	627	2040	0.0	2005.0	91.795	33	4642	4304	0.329228624535316	0	30.46%	1414.00	Col440I_1_pld1
198_R	NZ_CP122386.1	1	160	971	1130	2.74e-73	280.0	98.75	100	4167	160	1.0	0	42.21%	1759.00	Col440I_1_pld1
82	NZ_CP122386.1	2	1601	1132	2730	0.0	2376.0	93.217	37	4167	4304	0.3717472118959107	0	42.21%	1759.00	Col440I_1_pld1
82	NZ_CP123042.1	180	1642	3207	4665	0.0	2163.0	92.969	34	9030	4304	0.3399163568773234	0	16.16%	1459.00	Col440I_1_pld1
82	NZ_CP123045.1	180	1642	269	1727	0.0	2163.0	92.969	34	8758	4304	0.3399163568773234	0	33.32%	2918.00	Col440I_1_pld1
82	NZ_CP123045.1	180	1642	4784	6242	0.0	2163.0	92.969	34	8758	4304	0.3399163568773234	0	33.32%	2918.00	Col440I_1_pld1
82	NZ_CP124808.1	187	1602	290	1713	0.0	2029.0	91.894	33	3629	4304	0.328996282527881	0	39.24%	1424.00	Col440I_1_pld1
82_R	NZ_CP125105.1	2704	4303	1103	2701	0.0	2371.0	93.155	37	4167	4304	0.3717472118959107	0	42.21%	1759.00	Col440I_1_pld1
198	NZ_CP125105.1	1	160	2703	2862	2.74e-73	280.0	98.75	100	4167	160	1.0	0	42.21%	1759.00	Col440I_1_pld1
82_R	NZ_CP125150.1	2704	4303	2381	3979	0.0	2371.0	93.155	37	4167	4304	0.3717472118959107	0	42.21%	1759.00	Col440I_1_pld1
198	NZ_CP125150.1	1	160	3981	4140	2.74e-73	280.0	98.75	100	4167	160	1.0	0	42.21%	1759.00	Col440I_1_pld1
82_R	NZ_CP125173.1	2704	4303	807	2405	0.0	2371.0	93.155	37	4167	4304	0.3717472118959107	0	42.21%	1759.00	Col440I_1_pld1
198	NZ_CP125173.1	1	160	2407	2566	2.74e-73	280.0	98.75	100	4167	160	1.0	0	42.21%	1759.00	Col440I_1_pld1
198_R	NZ_CP126062.1	1	160	183	342	2.74e-73	280.0	98.75	100	7948	160	1.0	0	24.14%	1919.00	Col440I_1_pld1
198_R	NZ_CP126062.1	1	160	3964	4123	2.74e-73	280.0	98.75	100	7948	160	1.0	0	24.14%	1919.00	Col440I_1_pld1
82	NZ_CP126062.1	2	1601	4125	5723	0.0	2371.0	93.155	37	7948	4304	0.3717472118959107	0	24.14%	1919.00	Col440I_1_pld1
82_R	NZ_CP128488.1	2655	4304	1013	2655	0.0	2420.0	92.548	38	4822	4304	0.383364312267658	0	37.39%	1803.00	Col440I_1_pld1
198	NZ_CP128488.1	1	160	2656	2815	5.3e-76	289.0	100.0	100	4822	160	1.0	0	37.39%	1803.00	Col440I_1_pld1
198_R	NZ_CP129188.1	1	160	3205	3364	5.3e-76	289.0	100.0	100	4822	160	1.0	0	33.16%	1599.00	Col440I_1_pld1
82	NZ_CP129188.1	1	1444	3365	4803	0.0	2300.0	95.179	34	4822	4304	0.3355018587360595	0	33.16%	1599.00	Col440I_1_pld1
82	NZ_CP130678.1	187	1653	3354	4827	0.0	2012.0	90.467	34	4991	4304	0.3408457249070632	0	29.53%	1474.00	Col440I_1_pld1
82_R	NZ_CP134006.1	2704	4303	1861	3459	0.0	2371.0	93.155	37	4167	4304	0.3717472118959107	0	42.21%	1759.00	Col440I_1_pld1
198	NZ_CP134006.1	1	160	3461	3620	2.74e-73	280.0	98.75	100	4167	160	1.0	0	42.21%	1759.00	Col440I_1_pld1
198_R	NZ_CP135486.1	1	160	2680	2839	2.74e-73	280.0	98.75	100	4167	160	1.0	0	35.69%	1487.00	Col440I_1_pld1
82	NZ_CP135486.1	2	1328	2841	4167	0.0	2142.0	96.018	31	4167	4304	0.308317843866171	0	35.69%	1487.00	Col440I_1_pld1
198	NZ_CP136458.1	1	160	281	440	2.74e-73	280.0	98.75	100	4167	160	1.0	0	35.52%	1480.00	Col440I_1_pld1
82_R	NZ_CP136458.1	2704	4024	2848	4167	0.0	1877.0	91.867	31	4167	4304	0.3069237918215613	0	35.52%	1480.00	Col440I_1_pld1
198_R	NZ_CP136464.1	1	160	2951	3110	1.98e-62	244.0	93.75	100	4686	160	1.0	0	33.08%	1550.00	Col440I_1_pld1
82	NZ_CP136464.1	180	1558	3291	4680	0.0	1968.0	91.607	32	4686	4304	0.3203996282527881	0	33.08%	1550.00	Col440I_1_pld1
198_R	NZ_CP137354.1	1	160	1956	2115	2.74e-73	280.0	98.75	100	4167	160	1.0	0	42.21%	1759.00	Col440I_1_pld1
82	NZ_CP137354.1	2	1601	2117	3715	0.0	2371.0	93.155	37	4167	4304	0.3717472118959107	0	42.21%	1759.00	Col440I_1_pld1
82_R	NZ_CP137361.1	2704	4303	2438	4036	0.0	2371.0	93.155	37	4167	4304	0.3717472118959107	0	38.37%	1599.00	Col440I_1_pld1
198_R	NZ_CP137368.1	1	160	2255	2414	2.74e-73	280.0	98.75	100	12500	160	1.0	0	42.22%	5277.00	Col440I_1_pld1
82	NZ_CP137368.1	2	1601	2416	4014	0.0	2371.0	93.155	37	12500	4304	0.3717472118959107	0	42.22%	5277.00	Col440I_1_pld1
198_R	NZ_CP137368.1	1	160	6421	6580	2.74e-73	280.0	98.75	100	12500	160	1.0	0	42.22%	5277.00	Col440I_1_pld1
82	NZ_CP137368.1	2	1601	6582	8180	0.0	2371.0	93.155	37	12500	4304	0.3717472118959107	0	42.22%	5277.00	Col440I_1_pld1
198_R	NZ_CP137368.1	1	160	10588	10747	2.74e-73	280.0	98.75	100	12500	160	1.0	0	42.22%	5277.00	Col440I_1_pld1
82	NZ_CP137368.1	2	1601	10749	12347	0.0	2371.0	93.155	37	12500	4304	0.3717472118959107	0	42.22%	5277.00	Col440I_1_pld1
198_R	NZ_CP137369.1	1	160	2107	2266	2.74e-73	280.0	98.75	100	8334	160	1.0	0	42.21%	3518.00	Col440I_1_pld1
82	NZ_CP137369.1	2	1601	2268	3866	0.0	2371.0	93.155	37	8334	4304	0.3717472118959107	0	42.21%	3518.00	Col440I_1_pld1
198_R	NZ_CP137369.1	1	160	6274	6433	2.74e-73	280.0	98.75	100	8334	160	1.0	0	42.21%	3518.00	Col440I_1_pld1
82	NZ_CP137369.1	2	1601	6435	8033	0.0	2371.0	93.155	37	8334	4304	0.3717472118959107	0	42.21%	3518.00	Col440I_1_pld1
198_R	NZ_CP137384.1	1	160	2105	2264	2.74e-73	280.0	98.75	100	8334	160	1.0	0	42.21%	3518.00	Col440I_1_pld1
82	NZ_CP137384.1	2	1601	2266	3864	0.0	2371.0	93.155	37	8334	4304	0.3717472118959107	0	42.21%	3518.00	Col440I_1_pld1
198_R	NZ_CP137384.1	1	160	6272	6431	2.74e-73	280.0	98.75	100	8334	160	1.0	0	42.21%	3518.00	Col440I_1_pld1
82	NZ_CP137384.1	2	1601	6433	8031	0.0	2371.0	93.155	37	8334	4304	0.3717472118959107	0	42.21%	3518.00	Col440I_1_pld1
82_R	NZ_CP137390.1	2704	4303	1704	3302	0.0	2371.0	93.155	37	4167	4304	0.3717472118959107	0	42.21%	1759.00	Col440I_1_pld1
198	NZ_CP137390.1	1	160	3304	3463	2.74e-73	280.0	98.75	100	4167	160	1.0	0	42.21%	1759.00	Col440I_1_pld1
198_R	NZ_CP137395.1	1	160	3861	4020	2.74e-73	280.0	98.75	100	8334	160	1.0	0	23.03%	1919.00	Col440I_1_pld1
82	NZ_CP137395.1	2	1601	4022	5620	0.0	2371.0	93.155	37	8334	4304	0.3717472118959107	0	23.03%	1919.00	Col440I_1_pld1
198_R	NZ_CP137395.1	1	160	8028	8187	2.74e-73	280.0	98.75	100	8334	160	1.0	0	23.03%	1919.00	Col440I_1_pld1
82_R	NZ_CP137397.1	2704	4303	3259	4857	0.0	2371.0	93.155	37	4915	4304	0.3717472118959107	0	32.53%	1599.00	Col440I_1_pld1
82_R	NZ_CP137405.1	2704	4303	2154	3752	0.0	2371.0	93.155	37	8334	4304	0.3717472118959107	0	42.21%	3518.00	Col440I_1_pld1
198	NZ_CP137405.1	1	160	3754	3913	2.74e-73	280.0	98.75	100	8334	160	1.0	0	42.21%	3518.00	Col440I_1_pld1
82_R	NZ_CP137405.1	2704	4303	6321	7919	0.0	2371.0	93.155	37	8334	4304	0.3717472118959107	0	42.21%	3518.00	Col440I_1_pld1
198	NZ_CP137405.1	1	160	7921	8080	2.74e-73	280.0	98.75	100	8334	160	1.0	0	42.21%	3518.00	Col440I_1_pld1
198	NZ_CP137412.1	1	160	80	239	2.74e-73	280.0	98.75	100	4167	160	1.0	0	40.34%	1681.00	Col440I_1_pld1
82_R	NZ_CP137412.1	2704	4225	2647	4167	0.0	2235.0	92.871	35	4167	4304	0.3536245353159851	0	40.34%	1681.00	Col440I_1_pld1
198_R	NZ_CP137416.1	1	160	519	678	2.74e-73	280.0	98.75	100	12502	160	1.0	0	42.22%	5278.00	Col440I_1_pld1
82	NZ_CP137416.1	2	1601	680	2278	0.0	2371.0	93.155	37	12502	4304	0.3717472118959107	0	42.22%	5278.00	Col440I_1_pld1
198_R	NZ_CP137416.1	1	160	4686	4845	2.74e-73	280.0	98.75	100	12502	160	1.0	0	42.22%	5278.00	Col440I_1_pld1
82	NZ_CP137416.1	2	1601	4847	6445	0.0	2371.0	93.155	37	12502	4304	0.3717472118959107	0	42.22%	5278.00	Col440I_1_pld1
198_R	NZ_CP137416.1	1	160	8853	9012	2.74e-73	280.0	98.75	100	12502	160	1.0	0	42.22%	5278.00	Col440I_1_pld1
82	NZ_CP137416.1	2	1601	9014	10613	0.0	2365.0	93.035	37	12502	4304	0.3717472118959107	0	42.22%	5278.00	Col440I_1_pld1
198_R	NZ_CP137421.1	1	160	2757	2916	2.74e-73	280.0	98.75	100	12500	160	1.0	0	29.42%	3678.00	Col440I_1_pld1
82	NZ_CP137421.1	2	1601	2918	4516	0.0	2371.0	93.155	37	12500	4304	0.3717472118959107	0	29.42%	3678.00	Col440I_1_pld1
198_R	NZ_CP137421.1	1	160	6924	7083	2.74e-73	280.0	98.75	100	12500	160	1.0	0	29.42%	3678.00	Col440I_1_pld1
82	NZ_CP137421.1	2	1601	7085	8683	0.0	2371.0	93.155	37	12500	4304	0.3717472118959107	0	29.42%	3678.00	Col440I_1_pld1
198_R	NZ_CP137421.1	1	160	11090	11249	2.74e-73	280.0	98.75	100	12500	160	1.0	0	29.42%	3678.00	Col440I_1_pld1
82_R	NZ_CP137430.1	2704	4303	1176	2774	0.0	2371.0	93.155	37	4167	4304	0.3717472118959107	0	42.21%	1759.00	Col440I_1_pld1
198	NZ_CP137430.1	1	160	2776	2935	2.74e-73	280.0	98.75	100	4167	160	1.0	0	42.21%	1759.00	Col440I_1_pld1
198_R	NZ_CP137432.1	1	160	2320	2479	2.74e-73	280.0	98.75	100	8334	160	1.0	0	42.21%	3518.00	Col440I_1_pld1
82	NZ_CP137432.1	2	1601	2481	4079	0.0	2371.0	93.155	37	8334	4304	0.3717472118959107	0	42.21%	3518.00	Col440I_1_pld1
198_R	NZ_CP137432.1	1	160	6487	6646	2.74e-73	280.0	98.75	100	8334	160	1.0	0	42.21%	3518.00	Col440I_1_pld1
82	NZ_CP137432.1	2	1601	6648	8246	0.0	2371.0	93.155	37	8334	4304	0.3717472118959107	0	42.21%	3518.00	Col440I_1_pld1
85_R	NZ_CP137439.1	1071	2681	1	1623	0.0	2626.0	96.059	48	7582	3389	0.4753614635585718	0	27.99%	2122.00	Col440I_1_pld1
82_R	NZ_CP137439.1	2655	4118	663	2122	0.0	2026.0	90.952	34	7582	4304	0.3401486988847583	0	27.99%	2122.00	Col440I_1_pld1
198_R	NZ_CP138473.1	1	160	850	1009	2.74e-73	280.0	98.75	100	8334	160	1.0	0	42.21%	3518.00	Col440I_1_pld1
82	NZ_CP138473.1	2	1601	1011	2609	0.0	2371.0	93.155	37	8334	4304	0.3717472118959107	0	42.21%	3518.00	Col440I_1_pld1
198_R	NZ_CP138473.1	1	160	5017	5176	2.74e-73	280.0	98.75	100	8334	160	1.0	0	42.21%	3518.00	Col440I_1_pld1
82	NZ_CP138473.1	2	1601	5178	6776	0.0	2371.0	93.155	37	8334	4304	0.3717472118959107	0	42.21%	3518.00	Col440I_1_pld1
82_R	NZ_CP138685.1	2657	4118	3436	4903	0.0	2051.0	91.734	34	5459	4304	0.3396840148698885	0	26.89%	1468.00	Col440I_1_pld1
82_R	NZ_CP138687.1	2704	4303	2198	3796	0.0	2371.0	93.155	37	4166	4304	0.3717472118959107	0	42.22%	1759.00	Col440I_1_pld1
198	NZ_CP138687.1	1	160	3798	3957	2.74e-73	280.0	98.75	100	4166	160	1.0	0	42.22%	1759.00	Col440I_1_pld1
82	NZ_CP138694.1	187	1648	30378	31845	0.0	2051.0	91.734	34	116885	4304	0.3396840148698885	0	14.96%	17490.00	Col440I_1_pld1
78_R	NZ_CP138694.1	120	4825	91493	96194	0.0	8107.0	98.237	98	116885	4825	0.9753367875647668	0	14.96%	17490.00	Col440I_1_pld1
54	NZ_CP138694.1	2	11312	105160	116479	0.0	17163.0	93.71	59	116885	19252	0.5875233741948889	0	14.96%	17490.00	Col440I_1_pld1
82_R	NZ_CP138709.1	2704	4303	2199	3797	0.0	2371.0	93.155	37	4167	4304	0.3717472118959107	0	42.21%	1759.00	Col440I_1_pld1
198	NZ_CP138709.1	1	160	3799	3958	2.74e-73	280.0	98.75	100	4167	160	1.0	0	42.21%	1759.00	Col440I_1_pld1
82	NZ_CP138760.1	187	1653	305	1778	0.0	2012.0	90.467	34	4991	4304	0.3408457249070632	0	29.53%	1474.00	Col440I_1_pld1
82_R	NZ_CP138811.1	2657	4118	3436	4903	0.0	2051.0	91.734	34	5459	4304	0.3396840148698885	0	26.89%	1468.00	Col440I_1_pld1
82_R	NZ_CP138837.1	2655	4118	1013	2474	0.0	2208.0	93.588	34	3897	4304	0.3401486988847583	0	37.52%	1462.00	Col440I_1_pld1
82	NZ_CP139790.1	165	1650	2237	3718	0.0	2048.0	90.885	35	7586	4304	0.3452602230483271	0	39.07%	2964.00	Col440I_1_pld1
82	NZ_CP139790.1	165	1650	6030	7511	0.0	2048.0	90.885	35	7586	4304	0.3452602230483271	0	39.07%	2964.00	Col440I_1_pld1
82	NZ_CP140477.1	165	1650	3167	4644	0.0	2020.0	90.617	35	15160	4304	0.3452602230483271	0	29.29%	4441.00	Col440I_1_pld1
82	NZ_CP140477.1	165	1650	6953	8433	0.0	2030.0	90.684	35	15160	4304	0.3452602230483271	0	29.29%	4441.00	Col440I_1_pld1
82	NZ_CP140477.1	165	1650	10745	12226	0.0	2048.0	90.885	35	15160	4304	0.3452602230483271	0	29.29%	4441.00	Col440I_1_pld1
82_R	NZ_CP140514.1	2704	4303	2174	3772	0.0	2371.0	93.155	37	4167	4304	0.3717472118959107	0	42.21%	1759.00	Col440I_1_pld1
198	NZ_CP140514.1	1	160	3774	3933	2.74e-73	280.0	98.75	100	4167	160	1.0	0	42.21%	1759.00	Col440I_1_pld1
82_R	NZ_CP141577.1	2702	4125	1262	2682	0.0	2029.0	91.824	33	9310	4304	0.3308550185873606	0	30.53%	2842.00	Col440I_1_pld1
82_R	NZ_CP141577.1	2702	4125	5917	7337	0.0	2029.0	91.824	33	9310	4304	0.3308550185873606	0	30.53%	2842.00	Col440I_1_pld1
198_R	NZ_CP141991.1	1	160	516	675	5.3e-76	289.0	100.0	100	5098	160	1.0	0	35.68%	1819.00	Col440I_1_pld1
82	NZ_CP141991.1	3	1654	678	2336	0.0	2310.0	91.307	38	5098	4304	0.3838289962825278	0	35.68%	1819.00	Col440I_1_pld1
85_R	NZ_CP143284.1	2151	3389	1	1239	0.0	2199.0	99.354	37	4163	3389	0.3655945706698141	0	94.40%	3930.00	Col440I_1_pld1
198	NZ_CP143284.1	1	160	1240	1399	5.3e-76	289.0	100.0	100	4163	160	1.0	0	94.40%	3930.00	Col440I_1_pld1
82_R	NZ_CP143284.1	498	3075	1633	4163	0.0	4165.0	95.664	60	4163	4304	0.5989776951672863	0	94.40%	3930.00	Col440I_1_pld1
82_R	NZ_CP143511.1	2702	4125	1985	3421	0.0	1992.0	91.048	33	3675	4304	0.3308550185873606	0	39.10%	1437.00	Col440I_1_pld1
82_R	NZ_CP143924.1	2655	4118	819	2301	0.0	2072.0	91.184	34	4225	4304	0.3401486988847583	0	35.10%	1483.00	Col440I_1_pld1
82_R	NZ_CP155662.1	2657	4125	91	1564	0.0	2049.0	91.492	34	5459	4304	0.3413104089219331	0	29.93%	1634.00	Col440I_1_pld1
198	NZ_CP155662.1	1	160	1745	1904	1.62e-63	249.0	94.375	100	5459	160	1.0	0	29.93%	1634.00	Col440I_1_pld1
82_R	NZ_LR890195.1	2703	4118	2108	3531	0.0	2029.0	91.894	33	3619	4304	0.328996282527881	0	39.35%	1424.00	Col440I_1_pld1
82	NZ_LR890239.1	187	1602	711	2134	0.0	2029.0	91.894	33	3619	4304	0.328996282527881	0	39.35%	1424.00	Col440I_1_pld1
82	NZ_LR890358.1	187	1602	340	1762	0.0	2034.0	91.964	33	3664	4304	0.328996282527881	0	38.84%	1423.00	Col440I_1_pld1
82_R	NZ_LR890364.1	2655	4118	2023	3493	0.0	2061.0	91.525	34	4424	4304	0.3401486988847583	0	33.25%	1471.00	Col440I_1_pld1
82	NZ_LR890552.1	165	1444	3315	4594	0.0	1978.0	94.306	30	4660	4304	0.2973977695167286	0	27.47%	1280.00	Col440I_1_pld1
82_R	NZ_LR890602.1	101	3909	2494	6335	0.0	5742.0	92.992	88	6615	4304	0.8849907063197026	0	58.08%	3842.00	Col440I_1_pld1
198	NZ_OQ821086.1	1	160	30827	30986	2.74e-73	280.0	98.75	100	75959	160	1.0	0	1.95%	1480.00	Col440I_1_pld1
82_R	NZ_OQ821086.1	2704	4024	33394	34713	0.0	1877.0	91.867	31	75959	4304	0.3069237918215613	0	1.95%	1480.00	Col440I_1_pld1
82_R	NZ_OV753639.1	2702	4125	2685	4105	0.0	2029.0	91.824	33	4494	4304	0.3308550185873606	0	35.18%	1581.00	Col440I_1_pld1
198	NZ_OV753639.1	1	160	4286	4445	8.4e-61	240.0	93.125	100	4494	160	1.0	0	35.18%	1581.00	Col440I_1_pld1
198_R	NZ_OV754003.1	1	160	50	209	8.4e-61	240.0	93.125	100	4494	160	1.0	0	35.18%	1581.00	Col440I_1_pld1
82	NZ_OV754003.1	180	1603	390	1810	0.0	2029.0	91.824	33	4494	4304	0.3308550185873606	0	35.18%	1581.00	Col440I_1_pld1
82_R	NZ_OW969915.1	2685	4125	1022	2466	0.0	1982.0	90.771	33	4805	4304	0.3348048327137546	0	33.40%	1605.00	Col440I_1_pld1
198	NZ_OW969915.1	1	160	2647	2806	1.98e-62	244.0	93.75	100	4805	160	1.0	0	33.40%	1605.00	Col440I_1_pld1
82_R	NZ_OW970363.1	2704	4303	1357	2955	0.0	2371.0	93.155	37	4167	4304	0.3717472118959107	0	42.21%	1759.00	Col440I_1_pld1
198	NZ_OW970363.1	1	160	2957	3116	2.74e-73	280.0	98.75	100	4167	160	1.0	0	42.21%	1759.00	Col440I_1_pld1
82_R	NZ_OW970372.1	2970	4303	1	1334	0.0	2159.0	96.114	31	4167	4304	0.3099442379182156	0	35.85%	1494.00	Col440I_1_pld1
198	NZ_OW970372.1	1	160	1336	1495	2.74e-73	280.0	98.75	100	4167	160	1.0	0	35.85%	1494.00	Col440I_1_pld1
198_R	NZ_OW970420.1	1	160	461	620	2.74e-73	280.0	98.75	100	4167	160	1.0	0	42.21%	1759.00	Col440I_1_pld1
82	NZ_OW970420.1	2	1601	622	2220	0.0	2371.0	93.155	37	4167	4304	0.3717472118959107	0	42.21%	1759.00	Col440I_1_pld1
82	NZ_OW970449.1	180	1621	530	1971	0.0	2103.0	92.483	34	4713	4304	0.3350371747211896	0	30.60%	1442.00	Col440I_1_pld1
82_R	NZ_OW970459.1	2704	4303	957	2555	0.0	2371.0	93.155	37	4167	4304	0.3717472118959107	0	42.21%	1759.00	Col440I_1_pld1
198	NZ_OW970459.1	1	160	2557	2716	2.74e-73	280.0	98.75	100	4167	160	1.0	0	42.21%	1759.00	Col440I_1_pld1
82_R	NZ_OW970484.1	2704	4303	1358	2956	0.0	2371.0	93.155	37	4167	4304	0.3717472118959107	0	42.21%	1759.00	Col440I_1_pld1
198	NZ_OW970484.1	1	160	2958	3117	2.74e-73	280.0	98.75	100	4167	160	1.0	0	42.21%	1759.00	Col440I_1_pld1
198_R	NZ_OW970491.1	1	160	643	802	2.74e-73	280.0	98.75	100	4167	160	1.0	0	42.21%	1759.00	Col440I_1_pld1
82	NZ_OW970491.1	2	1601	804	2402	0.0	2371.0	93.155	37	4167	4304	0.3717472118959107	0	42.21%	1759.00	Col440I_1_pld1
198_R	NZ_OW970499.1	1	160	844	1003	2.74e-73	280.0	98.75	100	4167	160	1.0	0	42.21%	1759.00	Col440I_1_pld1
82	NZ_OW970499.1	2	1601	1005	2603	0.0	2371.0	93.155	37	4167	4304	0.3717472118959107	0	42.21%	1759.00	Col440I_1_pld1
198_R	NZ_OW970520.1	1	160	632	791	2.74e-73	280.0	98.75	100	4167	160	1.0	0	42.21%	1759.00	Col440I_1_pld1
82	NZ_OW970520.1	2	1601	793	2391	0.0	2371.0	93.155	37	4167	4304	0.3717472118959107	0	42.21%	1759.00	Col440I_1_pld1
198_R	NZ_OW970536.1	1	160	333	492	2.74e-73	280.0	98.75	100	4167	160	1.0	0	42.21%	1759.00	Col440I_1_pld1
82	NZ_OW970536.1	2	1601	494	2092	0.0	2371.0	93.155	37	4167	4304	0.3717472118959107	0	42.21%	1759.00	Col440I_1_pld1
82_R	NZ_OW970547.1	2704	4303	957	2555	0.0	2371.0	93.155	37	4167	4304	0.3717472118959107	0	42.21%	1759.00	Col440I_1_pld1
198	NZ_OW970547.1	1	160	2557	2716	2.74e-73	280.0	98.75	100	4167	160	1.0	0	42.21%	1759.00	Col440I_1_pld1
198_R	NZ_OW970567.1	1	160	461	620	2.74e-73	280.0	98.75	100	4167	160	1.0	0	42.21%	1759.00	Col440I_1_pld1
82	NZ_OW970567.1	2	1601	622	2220	0.0	2371.0	93.155	37	4167	4304	0.3717472118959107	0	42.21%	1759.00	Col440I_1_pld1
198_R	OW635555.1	1	160	1364	1523	2.74e-73	280.0	98.75	100	4167	160	1.0	0	42.21%	1759.00	Col440I_1_pld1
82	OW635555.1	2	1601	1525	3123	0.0	2371.0	93.155	37	4167	4304	0.3717472118959107	0	42.21%	1759.00	Col440I_1_pld1
82	OW848814.1	289	1650	1	1363	0.0	1856.0	90.379	32	4804	4304	0.316449814126394	0	28.37%	1363.00	Col440I_1_pld1
82_R	OW848884.1	2704	4303	1358	2956	0.0	2371.0	93.155	37	4167	4304	0.3717472118959107	0	42.21%	1759.00	Col440I_1_pld1
198	OW848884.1	1	160	2958	3117	2.74e-73	280.0	98.75	100	4167	160	1.0	0	42.21%	1759.00	Col440I_1_pld1
198_R	OW848891.1	1	160	1859	2018	2.74e-73	280.0	98.75	100	4167	160	1.0	0	42.21%	1759.00	Col440I_1_pld1
82	OW848891.1	2	1601	2020	3618	0.0	2371.0	93.155	37	4167	4304	0.3717472118959107	0	42.21%	1759.00	Col440I_1_pld1
198_R	OW848968.1	1	160	1854	2013	2.74e-73	280.0	98.75	100	4167	160	1.0	0	42.21%	1759.00	Col440I_1_pld1
82	OW848968.1	2	1601	2015	3613	0.0	2371.0	93.155	37	4167	4304	0.3717472118959107	0	42.21%	1759.00	Col440I_1_pld1
198_R	OW849008.1	1	160	1854	2013	2.74e-73	280.0	98.75	100	4173	160	1.0	0	42.30%	1765.00	Col440I_1_pld1
82	OW849008.1	2	1601	2015	3619	0.0	2356.0	92.808	37	4173	4304	0.3717472118959107	0	42.30%	1765.00	Col440I_1_pld1
198_R	OW849015.1	1	160	129	288	2.74e-73	280.0	98.75	100	4167	160	1.0	0	42.21%	1759.00	Col440I_1_pld1
82	OW849015.1	2	1601	290	1888	0.0	2371.0	93.155	37	4167	4304	0.3717472118959107	0	42.21%	1759.00	Col440I_1_pld1
198	OW849057.1	1	160	15	174	2.74e-73	280.0	98.75	100	4167	160	1.0	0	41.90%	1746.00	Col440I_1_pld1
82_R	OW849057.1	2704	4290	2582	4167	0.0	2352.0	93.162	37	4167	4304	0.3687267657992565	0	41.90%	1746.00	Col440I_1_pld1
82_R	OW849090.1	2704	4303	1358	2956	0.0	2371.0	93.155	37	4167	4304	0.3717472118959107	0	42.21%	1759.00	Col440I_1_pld1
198	OW849090.1	1	160	2958	3117	2.74e-73	280.0	98.75	100	4167	160	1.0	0	42.21%	1759.00	Col440I_1_pld1
82_R	OW849248.1	2704	4303	1873	3471	0.0	2371.0	93.155	37	4167	4304	0.3717472118959107	0	42.21%	1759.00	Col440I_1_pld1
198	OW849248.1	1	160	3473	3632	2.74e-73	280.0	98.75	100	4167	160	1.0	0	42.21%	1759.00	Col440I_1_pld1
82	OW849249.1	187	1650	1914	3375	0.0	2217.0	93.724	34	3897	4304	0.3401486988847583	0	37.52%	1462.00	Col440I_1_pld1
198_R	OW849319.1	1	160	1857	2016	2.74e-73	280.0	98.75	100	4167	160	1.0	0	42.21%	1759.00	Col440I_1_pld1
82	OW849319.1	2	1601	2018	3616	0.0	2371.0	93.155	37	4167	4304	0.3717472118959107	0	42.21%	1759.00	Col440I_1_pld1
198_R	OW849343.1	1	160	633	792	2.74e-73	280.0	98.75	100	4167	160	1.0	0	42.21%	1759.00	Col440I_1_pld1
82	OW849343.1	2	1601	794	2392	0.0	2371.0	93.155	37	4167	4304	0.3717472118959107	0	42.21%	1759.00	Col440I_1_pld1
82_R	OW849348.1	2704	4303	1873	3471	0.0	2371.0	93.155	37	4167	4304	0.3717472118959107	0	42.21%	1759.00	Col440I_1_pld1
198	OW849348.1	1	160	3473	3632	2.74e-73	280.0	98.75	100	4167	160	1.0	0	42.21%	1759.00	Col440I_1_pld1
82	OW849349.1	187	1650	1914	3375	0.0	2217.0	93.724	34	3897	4304	0.3401486988847583	0	37.52%	1462.00	Col440I_1_pld1
82_R	OW849355.1	2685	4118	222	1654	0.0	2060.0	92.217	33	3541	4304	0.33317843866171	0	40.47%	1433.00	Col440I_1_pld1
198_R	OW849411.1	1	160	633	792	2.74e-73	280.0	98.75	100	4167	160	1.0	0	42.21%	1759.00	Col440I_1_pld1
82	OW849411.1	2	1601	794	2392	0.0	2371.0	93.155	37	4167	4304	0.3717472118959107	0	42.21%	1759.00	Col440I_1_pld1
82_R	OW849433.1	2652	4118	2216	3689	0.0	2018.0	90.521	34	4473	4304	0.3408457249070632	0	32.95%	1474.00	Col440I_1_pld1
198_R	OW849468.1	1	160	1772	1931	2.74e-73	280.0	98.75	100	4167	160	1.0	0	42.21%	1759.00	Col440I_1_pld1
82	OW849468.1	2	1601	1933	3531	0.0	2371.0	93.155	37	4167	4304	0.3717472118959107	0	42.21%	1759.00	Col440I_1_pld1
82_R	OW849469.1	2655	4118	1621	3082	0.0	2217.0	93.724	34	3897	4304	0.3401486988847583	0	37.52%	1462.00	Col440I_1_pld1
82	OW849502.1	180	1650	1913	3384	0.0	2030.0	90.749	34	4804	4304	0.3417750929368029	0	30.64%	1472.00	Col440I_1_pld1
82_R	OW959903.1	2684	4125	3082	4523	0.0	2103.0	92.483	34	4709	4304	0.3350371747211896	0	30.62%	1442.00	Col440I_1_pld1
82	OW967208.1	180	1621	1913	3354	0.0	2103.0	92.483	34	4709	4304	0.3350371747211896	0	30.62%	1442.00	Col440I_1_pld1
82_R	OW967780.1	2704	4303	2077	3675	0.0	2371.0	93.155	37	4167	4304	0.3717472118959107	0	42.21%	1759.00	Col440I_1_pld1
198	OW967780.1	1	160	3677	3836	2.74e-73	280.0	98.75	100	4167	160	1.0	0	42.21%	1759.00	Col440I_1_pld1
82_R	OW967822.1	2704	4303	2178	3776	0.0	2371.0	93.155	37	4167	4304	0.3717472118959107	0	42.21%	1759.00	Col440I_1_pld1
198	OW967822.1	1	160	3778	3937	2.74e-73	280.0	98.75	100	4167	160	1.0	0	42.21%	1759.00	Col440I_1_pld1
82_R	OW967855.1	2684	4125	2513	3954	0.0	2103.0	92.483	34	4709	4304	0.3350371747211896	0	30.62%	1442.00	Col440I_1_pld1
198_R	OW967999.1	1	160	636	795	2.74e-73	280.0	98.75	100	4167	160	1.0	0	42.21%	1759.00	Col440I_1_pld1
82	OW967999.1	2	1601	797	2395	0.0	2371.0	93.155	37	4167	4304	0.3717472118959107	0	42.21%	1759.00	Col440I_1_pld1
82	OW968452.1	187	1650	1933	3394	0.0	2204.0	93.52	34	3897	4304	0.3401486988847583	0	37.52%	1462.00	Col440I_1_pld1
82_R	OW969684.1	2875	4204	1	1330	0.0	2134.0	95.802	31	7836	4304	0.3090148698884758	0	19.01%	1490.00	Col440I_1_pld1
198	OW969684.1	1	160	5100	5259	2.74e-73	280.0	98.75	100	7836	160	1.0	0	19.01%	1490.00	Col440I_1_pld1
82_R	OW969760.1	2685	4118	584	2016	0.0	2065.0	92.286	33	3541	4304	0.33317843866171	0	40.47%	1433.00	Col440I_1_pld1
82	OW995949.1	187	1620	2100	3532	0.0	2060.0	92.217	33	3541	4304	0.33317843866171	0	40.47%	1433.00	Col440I_1_pld1
