SRR18543877_IncR	IS5075_IS110_IS1111	99.472	1327	7	0	81362	82688	1	1327	0.0	2412
SRR18543877_IncR	IS4321L_IS110_IS1111	92.916	1327	94	0	81362	82688	1	1327	0.0	1930
SRR18543877_IncR	IS4321_IS110_IS1111	92.916	1327	94	0	81362	82688	1	1327	0.0	1930
SRR18543877_IncR	IS4321R_IS110_IS1111	92.916	1327	93	1	81362	82688	1	1326	0.0	1929
SRR18543877_IncR	ISPlu13_IS110_unknown	77.533	227	42	8	82468	82690	1133	1354	1.60e-27	128
SRR18543877_IncR	IS903B_IS5_IS903	98.413	63	1	0	22105	22167	63	1	1.61e-22	111
SRR18543877_IncR	IS903_IS5_IS903	98.413	63	1	0	22105	22167	63	1	1.61e-22	111
SRR18543877_IncR	IS102_IS5_IS903	96.825	63	2	0	22105	22167	63	1	7.48e-21	106
SRR18543877_IncR	ISKqu3_IS110_unknown	83.186	113	15	2	93460	93570	111	1	3.48e-19	100
SRR18543877_IncR	ISPan1_IS5_IS903	90.476	63	6	0	22105	22167	63	1	3.50e-14	84.2
SRR18543877_IncFII_1_pKP91	ISEc22_IS66_unknown	99.185	2454	20	0	160233	162686	1	2454	0.0	4421
SRR18543877_IncFII_1_pKP91	ISEc22_IS66_unknown	83.540	644	102	3	204393	205035	495	1135	6.48e-169	599
SRR18543877_IncFII_1_pKP91	ISKpn24_IS66_unknown	94.705	2455	128	2	160233	162686	1	2454	0.0	3812
SRR18543877_IncFII_1_pKP91	ISKpn24_IS66_unknown	83.255	639	101	3	204393	205029	495	1129	6.52e-164	582
SRR18543877_IncFII_1_pKP91	ISSen3_IS21_unknown	99.796	1956	4	0	28070	30025	1	1956	0.0	3591
SRR18543877_IncFII_1_pKP91	ISKpn50_IS66_unknown	90.561	2458	225	5	160233	162686	1	2455	0.0	3247
SRR18543877_IncFII_1_pKP91	ISKpn50_IS66_unknown	85.557	637	91	1	204393	205029	495	1130	0.0	665
SRR18543877_IncFII_1_pKP91	ISEsa1_ISNCY_IS1202	99.938	1603	1	0	75514	77116	1603	1	0.0	2955
SRR18543877_IncFII_1_pKP91	ISKpn49_IS66_unknown	89.050	2073	227	0	160614	162686	366	2438	0.0	2571
SRR18543877_IncFII_1_pKP91	ISKpn49_IS66_unknown	86.916	642	78	4	204390	205029	476	1113	0.0	715
SRR18543877_IncFII_1_pKP91	ISKpn43_IS110_IS1111	99.854	1371	2	0	125228	126598	4	1374	0.0	2521
SRR18543877_IncFII_1_pKP91	ISSgsp1_IS66_unknown	86.670	2078	268	9	160614	162686	365	2438	0.0	2294
SRR18543877_IncFII_1_pKP91	ISSgsp1_IS66_unknown	89.699	631	64	1	204399	205029	484	1113	0.0	804
SRR18543877_IncFII_1_pKP91	ISCfr14_IS66_unknown	86.132	2084	286	3	160605	162686	360	2442	0.0	2244
SRR18543877_IncFII_1_pKP91	ISCfr14_IS66_unknown	88.486	634	72	1	204393	205026	482	1114	0.0	765
SRR18543877_IncFII_1_pKP91	ISEc8_IS66_unknown	85.146	2087	301	8	160605	162686	360	2442	0.0	2128
SRR18543877_IncFII_1_pKP91	ISEc8_IS66_unknown	87.163	631	80	1	204399	205029	488	1117	0.0	715
SRR18543877_IncFII_1_pKP91	ISSen8_IS21_unknown	85.794	1964	261	17	28070	30025	1954	1	0.0	2065
SRR18543877_IncFII_1_pKP91	ISKpn60_IS110_unknown	99.910	1117	1	0	111876	112992	1117	1	0.0	2058
SRR18543877_IncFII_1_pKP91	ISKpn60_IS110_unknown	98.319	119	0	2	111763	111881	1374	1258	4.59e-51	207
SRR18543877_IncFII_1_pKP91	ISKpn60_IS110_unknown	100.000	112	0	0	45784	45895	1374	1263	4.59e-51	207
SRR18543877_IncFII_1_pKP91	ISEc78_IS66_unknown	82.909	1966	318	17	160731	162686	480	2437	0.0	1753
SRR18543877_IncFII_1_pKP91	ISEc78_IS66_unknown	88.644	634	69	3	204397	205029	480	1111	0.0	769
SRR18543877_IncFII_1_pKP91	ISEc21_IS110_unknown	93.107	1117	77	0	111876	112992	1117	1	0.0	1637
SRR18543877_IncFII_1_pKP91	ISKpn28_IS481_unknown	92.890	1097	74	4	77147	78240	1	1096	0.0	1591
SRR18543877_IncFII_1_pKP91	ISEc52_IS3_IS3	96.996	932	28	0	112993	113924	932	1	0.0	1567
SRR18543877_IncFII_1_pKP91	ISEc52_IS3_IS3	96.429	56	2	0	45728	45783	988	933	1.34e-16	93.5
SRR18543877_IncFII_1_pKP91	ISEc52_IS3_IS3	96.364	55	2	0	111708	111762	987	933	4.82e-16	91.6
SRR18543877_IncFII_1_pKP91	ISKqu3_IS110_unknown	99.183	857	7	0	15662	16518	565	1421	0.0	1544
SRR18543877_IncFII_1_pKP91	ISKqu3_IS110_unknown	99.550	444	2	0	11562	12005	126	569	0.0	809
SRR18543877_IncFII_1_pKP91	ISKqu3_IS110_unknown	100.000	33	0	0	186281	186313	1	33	3.78e-07	62.1
SRR18543877_IncFII_1_pKP91	ISKpn14_IS1_unknown	99.349	768	5	0	41274	42041	768	1	0.0	1391
SRR18543877_IncFII_1_pKP91	ISKpn14_IS1_unknown	92.188	768	60	0	53987	54754	768	1	0.0	1086
SRR18543877_IncFII_1_pKP91	ISKpn14_IS1_unknown	88.557	769	86	2	17564	18331	768	1	0.0	931
SRR18543877_IncFII_1_pKP91	ISKpn14_IS1_unknown	87.646	769	93	2	114633	115400	1	768	0.0	893
SRR18543877_IncFII_1_pKP91	ISKpn14_IS1_unknown	88.095	714	83	2	171994	172706	56	768	0.0	846
SRR18543877_IncFII_1_pKP91	ISKpn14_IS1_unknown	88.285	239	26	2	45897	46134	238	1	2.06e-74	285
SRR18543877_IncFII_1_pKP91	IS102_IS5_IS903	90.445	1057	100	1	184196	185251	1057	1	0.0	1391
SRR18543877_IncFII_1_pKP91	IS102_IS5_IS903	91.361	764	62	3	55547	56308	296	1057	0.0	1042
SRR18543877_IncFII_1_pKP91	IS102_IS5_IS903	91.361	764	62	3	126599	127360	296	1057	0.0	1042
SRR18543877_IncFII_1_pKP91	IS102_IS5_IS903	90.681	558	49	2	214939	215494	1057	501	0.0	739
SRR18543877_IncFII_1_pKP91	IS102_IS5_IS903	90.681	558	49	2	117240	117795	1057	501	0.0	739
SRR18543877_IncFII_1_pKP91	IS102_IS5_IS903	90.681	558	49	2	116349	116904	1057	501	0.0	739
SRR18543877_IncFII_1_pKP91	IS102_IS5_IS903	89.884	346	33	2	215496	215839	629	284	3.21e-122	444
SRR18543877_IncFII_1_pKP91	IS102_IS5_IS903	90.448	335	32	0	56308	56642	295	629	1.15e-121	442
SRR18543877_IncFII_1_pKP91	IS102_IS5_IS903	90.448	335	32	0	68093	68427	295	629	1.15e-121	442
SRR18543877_IncFII_1_pKP91	IS102_IS5_IS903	90.448	335	32	0	116906	117240	629	295	1.15e-121	442
SRR18543877_IncFII_1_pKP91	IS102_IS5_IS903	90.448	335	32	0	137680	138014	295	629	1.15e-121	442
SRR18543877_IncFII_1_pKP91	IS102_IS5_IS903	90.208	337	33	0	117797	118133	629	293	4.15e-121	440
SRR18543877_IncFII_1_pKP91	IS102_IS5_IS903	90.419	334	32	0	56869	57202	629	296	4.15e-121	440
SRR18543877_IncFII_1_pKP91	IS102_IS5_IS903	90.419	334	32	0	31980	32313	629	296	4.15e-121	440
SRR18543877_IncFII_1_pKP91	IS102_IS5_IS903	89.007	282	29	2	34389	34669	777	1057	2.59e-93	348
SRR18543877_IncFII_1_pKP91	IS102_IS5_IS903	92.973	185	12	1	34097	34280	1	185	2.07e-69	268
SRR18543877_IncFII_1_pKP91	IS102_IS5_IS903	95.575	113	5	0	68430	68542	777	889	2.78e-43	182
SRR18543877_IncFII_1_pKP91	IS102_IS5_IS903	95.495	111	5	0	56645	56755	777	887	3.60e-42	178
SRR18543877_IncFII_1_pKP91	IS102_IS5_IS903	95.495	111	5	0	138017	138127	777	887	3.60e-42	178
SRR18543877_IncFII_1_pKP91	IS102_IS5_IS903	95.495	111	5	0	56756	56866	887	777	3.60e-42	178
SRR18543877_IncFII_1_pKP91	IS102_IS5_IS903	95.495	111	5	0	31867	31977	887	777	3.60e-42	178
SRR18543877_IncFII_1_pKP91	IS102_IS5_IS903	94.393	107	6	0	34281	34387	332	438	2.80e-38	165
SRR18543877_IncFII_1_pKP91	IS102_IS5_IS903	96.774	62	2	0	137619	137680	1	62	6.19e-20	104
SRR18543877_IncFII_1_pKP91	IS102_IS5_IS903	100.000	29	0	0	196297	196325	1029	1057	6.32e-05	54.7
SRR18543877_IncFII_1_pKP91	IS911_IS3_IS3	93.248	933	61	2	112993	113924	932	1	0.0	1373
SRR18543877_IncFII_1_pKP91	IS911_IS3_IS3	92.857	56	4	0	45728	45783	988	933	2.90e-13	82.4
SRR18543877_IncFII_1_pKP91	IS911_IS3_IS3	94.231	52	3	0	111711	111762	984	933	1.04e-12	80.5
SRR18543877_IncFII_1_pKP91	IS1A_IS1_unknown	98.828	768	9	0	114633	115400	1	768	0.0	1369
SRR18543877_IncFII_1_pKP91	IS1A_IS1_unknown	94.010	768	46	0	17564	18331	768	1	0.0	1164
SRR18543877_IncFII_1_pKP91	IS1A_IS1_unknown	90.897	769	68	2	53987	54754	768	1	0.0	1031
SRR18543877_IncFII_1_pKP91	IS1A_IS1_unknown	92.567	713	53	0	171994	172706	56	768	0.0	1024
SRR18543877_IncFII_1_pKP91	IS1A_IS1_unknown	87.256	769	96	2	41274	42041	768	1	0.0	876
SRR18543877_IncFII_1_pKP91	IS1A_IS1_unknown	99.160	238	2	0	45897	46134	238	1	8.99e-118	429
SRR18543877_IncFII_1_pKP91	IS1A_IS1_unknown	97.500	80	2	0	116269	116348	1	80	6.10e-30	137
SRR18543877_IncFII_1_pKP91	IS1S_IS1_unknown	98.698	768	10	0	114633	115400	1	768	0.0	1363
SRR18543877_IncFII_1_pKP91	IS1S_IS1_unknown	94.141	768	45	0	17564	18331	768	1	0.0	1170
SRR18543877_IncFII_1_pKP91	IS1S_IS1_unknown	91.027	769	67	2	53987	54754	768	1	0.0	1037
SRR18543877_IncFII_1_pKP91	IS1S_IS1_unknown	92.426	713	54	0	171994	172706	56	768	0.0	1018
SRR18543877_IncFII_1_pKP91	IS1S_IS1_unknown	87.386	769	95	2	41274	42041	768	1	0.0	881
SRR18543877_IncFII_1_pKP91	IS1S_IS1_unknown	99.580	238	1	0	45897	46134	238	1	1.93e-119	435
SRR18543877_IncFII_1_pKP91	IS1S_IS1_unknown	97.500	80	2	0	116269	116348	1	80	6.10e-30	137
SRR18543877_IncFII_1_pKP91	IS1G_IS1_unknown	98.698	768	10	0	114633	115400	1	768	0.0	1363
SRR18543877_IncFII_1_pKP91	IS1G_IS1_unknown	93.880	768	47	0	17564	18331	768	1	0.0	1158
SRR18543877_IncFII_1_pKP91	IS1G_IS1_unknown	90.767	769	69	2	53987	54754	768	1	0.0	1026
SRR18543877_IncFII_1_pKP91	IS1G_IS1_unknown	92.426	713	54	0	171994	172706	56	768	0.0	1018
SRR18543877_IncFII_1_pKP91	IS1G_IS1_unknown	87.126	769	97	2	41274	42041	768	1	0.0	870
SRR18543877_IncFII_1_pKP91	IS1G_IS1_unknown	99.160	238	2	0	45897	46134	238	1	8.99e-118	429
SRR18543877_IncFII_1_pKP91	IS1G_IS1_unknown	97.500	80	2	0	116269	116348	1	80	6.10e-30	137
SRR18543877_IncFII_1_pKP91	IS1R_IS1_unknown	98.438	768	12	0	114633	115400	1	768	0.0	1352
SRR18543877_IncFII_1_pKP91	IS1R_IS1_unknown	93.880	768	47	0	17564	18331	768	1	0.0	1158
SRR18543877_IncFII_1_pKP91	IS1R_IS1_unknown	90.767	769	69	2	53987	54754	768	1	0.0	1026
SRR18543877_IncFII_1_pKP91	IS1R_IS1_unknown	92.567	713	53	0	171994	172706	56	768	0.0	1024
SRR18543877_IncFII_1_pKP91	IS1R_IS1_unknown	87.776	769	92	2	41274	42041	768	1	0.0	898
SRR18543877_IncFII_1_pKP91	IS1R_IS1_unknown	99.160	238	2	0	45897	46134	238	1	8.99e-118	429
SRR18543877_IncFII_1_pKP91	IS1R_IS1_unknown	97.500	80	2	0	116269	116348	1	80	6.10e-30	137
SRR18543877_IncFII_1_pKP91	IS1B_IS1_unknown	98.438	768	12	0	114633	115400	1	768	0.0	1352
SRR18543877_IncFII_1_pKP91	IS1B_IS1_unknown	93.880	768	47	0	17564	18331	768	1	0.0	1158
SRR18543877_IncFII_1_pKP91	IS1B_IS1_unknown	90.767	769	69	2	53987	54754	768	1	0.0	1026
SRR18543877_IncFII_1_pKP91	IS1B_IS1_unknown	92.567	713	53	0	171994	172706	56	768	0.0	1024
SRR18543877_IncFII_1_pKP91	IS1B_IS1_unknown	87.776	769	92	2	41274	42041	768	1	0.0	898
SRR18543877_IncFII_1_pKP91	IS1B_IS1_unknown	99.580	238	1	0	45897	46134	238	1	1.93e-119	435
SRR18543877_IncFII_1_pKP91	IS1B_IS1_unknown	97.500	80	2	0	116269	116348	1	80	6.10e-30	137
SRR18543877_IncFII_1_pKP91	IS1SD_IS1_unknown	98.303	766	13	0	114633	115398	1	766	0.0	1343
SRR18543877_IncFII_1_pKP91	IS1SD_IS1_unknown	93.734	766	48	0	17566	18331	766	1	0.0	1149
SRR18543877_IncFII_1_pKP91	IS1SD_IS1_unknown	90.613	767	70	2	53989	54754	766	1	0.0	1016
SRR18543877_IncFII_1_pKP91	IS1SD_IS1_unknown	92.405	711	54	0	171994	172704	56	766	0.0	1014
SRR18543877_IncFII_1_pKP91	IS1SD_IS1_unknown	87.353	767	95	2	41276	42041	766	1	0.0	878
SRR18543877_IncFII_1_pKP91	IS1SD_IS1_unknown	99.580	238	1	0	45897	46134	238	1	1.93e-119	435
SRR18543877_IncFII_1_pKP91	IS1SD_IS1_unknown	97.500	80	2	0	116269	116348	1	80	6.10e-30	137
SRR18543877_IncFII_1_pKP91	IS1D_IS1_unknown	98.177	768	14	0	114633	115400	1	768	0.0	1341
SRR18543877_IncFII_1_pKP91	IS1D_IS1_unknown	93.620	768	49	0	17564	18331	768	1	0.0	1147
SRR18543877_IncFII_1_pKP91	IS1D_IS1_unknown	92.426	713	54	0	171994	172706	56	768	0.0	1018
SRR18543877_IncFII_1_pKP91	IS1D_IS1_unknown	90.507	769	71	2	53987	54754	768	1	0.0	1014
SRR18543877_IncFII_1_pKP91	IS1D_IS1_unknown	87.516	769	94	2	41274	42041	768	1	0.0	887
SRR18543877_IncFII_1_pKP91	IS1D_IS1_unknown	99.160	238	2	0	45897	46134	238	1	8.99e-118	429
SRR18543877_IncFII_1_pKP91	IS1D_IS1_unknown	96.250	80	3	0	116269	116348	1	80	2.84e-28	132
SRR18543877_IncFII_1_pKP91	IS903B_IS5_IS903	89.309	1057	112	1	184196	185251	1057	1	0.0	1325
SRR18543877_IncFII_1_pKP91	IS903B_IS5_IS903	89.515	763	76	3	55548	56308	297	1057	0.0	963
SRR18543877_IncFII_1_pKP91	IS903B_IS5_IS903	89.515	763	76	3	126600	127360	297	1057	0.0	963
SRR18543877_IncFII_1_pKP91	IS903B_IS5_IS903	87.814	558	65	2	214939	215494	1057	501	0.0	651
SRR18543877_IncFII_1_pKP91	IS903B_IS5_IS903	87.814	558	65	2	117240	117795	1057	501	0.0	651
SRR18543877_IncFII_1_pKP91	IS903B_IS5_IS903	87.814	558	65	2	116349	116904	1057	501	0.0	651
SRR18543877_IncFII_1_pKP91	IS903B_IS5_IS903	92.219	347	23	4	215496	215839	629	284	1.46e-135	488
SRR18543877_IncFII_1_pKP91	IS903B_IS5_IS903	92.899	338	21	3	56306	56642	294	629	1.46e-135	488
SRR18543877_IncFII_1_pKP91	IS903B_IS5_IS903	92.899	338	21	3	116906	117242	629	294	1.46e-135	488
SRR18543877_IncFII_1_pKP91	IS903B_IS5_IS903	93.114	334	21	2	68095	68427	297	629	1.46e-135	488
SRR18543877_IncFII_1_pKP91	IS903B_IS5_IS903	93.114	334	21	2	117797	118129	629	297	1.46e-135	488
SRR18543877_IncFII_1_pKP91	IS903B_IS5_IS903	93.114	334	21	2	137682	138014	297	629	1.46e-135	488
SRR18543877_IncFII_1_pKP91	IS903B_IS5_IS903	93.114	334	21	2	56869	57201	629	297	1.46e-135	488
SRR18543877_IncFII_1_pKP91	IS903B_IS5_IS903	93.114	334	21	2	31980	32312	629	297	1.46e-135	488
SRR18543877_IncFII_1_pKP91	IS903B_IS5_IS903	89.007	282	29	2	34389	34669	777	1057	2.59e-93	348
SRR18543877_IncFII_1_pKP91	IS903B_IS5_IS903	98.919	185	1	1	34097	34280	1	185	9.38e-88	329
SRR18543877_IncFII_1_pKP91	IS903B_IS5_IS903	95.575	113	5	0	68430	68542	777	889	2.78e-43	182
SRR18543877_IncFII_1_pKP91	IS903B_IS5_IS903	95.495	111	5	0	56645	56755	777	887	3.60e-42	178
SRR18543877_IncFII_1_pKP91	IS903B_IS5_IS903	95.495	111	5	0	138017	138127	777	887	3.60e-42	178
SRR18543877_IncFII_1_pKP91	IS903B_IS5_IS903	95.495	111	5	0	56756	56866	887	777	3.60e-42	178
SRR18543877_IncFII_1_pKP91	IS903B_IS5_IS903	95.495	111	5	0	31867	31977	887	777	3.60e-42	178
SRR18543877_IncFII_1_pKP91	IS903B_IS5_IS903	88.785	107	12	0	34281	34387	332	438	2.84e-28	132
SRR18543877_IncFII_1_pKP91	IS903B_IS5_IS903	98.387	62	1	0	137619	137680	1	62	1.33e-21	110
SRR18543877_IncFII_1_pKP91	IS903B_IS5_IS903	100.000	29	0	0	196297	196325	1029	1057	6.32e-05	54.7
SRR18543877_IncFII_1_pKP91	IS903_IS5_IS903	89.309	1057	112	1	184196	185251	1057	1	0.0	1325
SRR18543877_IncFII_1_pKP91	IS903_IS5_IS903	88.220	764	86	3	55547	56308	296	1057	0.0	909
SRR18543877_IncFII_1_pKP91	IS903_IS5_IS903	88.220	764	86	3	126599	127360	296	1057	0.0	909
SRR18543877_IncFII_1_pKP91	IS903_IS5_IS903	86.201	558	74	2	214939	215494	1057	501	1.80e-169	601
SRR18543877_IncFII_1_pKP91	IS903_IS5_IS903	86.201	558	74	2	117240	117795	1057	501	1.80e-169	601
SRR18543877_IncFII_1_pKP91	IS903_IS5_IS903	86.201	558	74	2	116349	116904	1057	501	1.80e-169	601
SRR18543877_IncFII_1_pKP91	IS903_IS5_IS903	91.643	347	25	4	215496	215839	629	284	3.17e-132	477
SRR18543877_IncFII_1_pKP91	IS903_IS5_IS903	92.262	336	24	2	56308	56642	295	629	1.14e-131	475
SRR18543877_IncFII_1_pKP91	IS903_IS5_IS903	92.262	336	24	2	68093	68427	295	629	1.14e-131	475
SRR18543877_IncFII_1_pKP91	IS903_IS5_IS903	92.262	336	24	2	116906	117240	629	295	1.14e-131	475
SRR18543877_IncFII_1_pKP91	IS903_IS5_IS903	92.262	336	24	2	137680	138014	295	629	1.14e-131	475
SRR18543877_IncFII_1_pKP91	IS903_IS5_IS903	92.012	338	25	2	117797	118133	629	293	4.10e-131	473
SRR18543877_IncFII_1_pKP91	IS903_IS5_IS903	92.239	335	24	2	56869	57202	629	296	4.10e-131	473
SRR18543877_IncFII_1_pKP91	IS903_IS5_IS903	92.239	335	24	2	31980	32313	629	296	4.10e-131	473
SRR18543877_IncFII_1_pKP91	IS903_IS5_IS903	89.007	282	29	2	34389	34669	777	1057	2.59e-93	348
SRR18543877_IncFII_1_pKP91	IS903_IS5_IS903	94.595	185	9	1	34097	34280	1	185	2.06e-74	285
SRR18543877_IncFII_1_pKP91	IS903_IS5_IS903	95.575	113	5	0	68430	68542	777	889	2.78e-43	182
SRR18543877_IncFII_1_pKP91	IS903_IS5_IS903	95.495	111	5	0	56645	56755	777	887	3.60e-42	178
SRR18543877_IncFII_1_pKP91	IS903_IS5_IS903	95.495	111	5	0	138017	138127	777	887	3.60e-42	178
SRR18543877_IncFII_1_pKP91	IS903_IS5_IS903	95.495	111	5	0	56756	56866	887	777	3.60e-42	178
SRR18543877_IncFII_1_pKP91	IS903_IS5_IS903	95.495	111	5	0	31867	31977	887	777	3.60e-42	178
SRR18543877_IncFII_1_pKP91	IS903_IS5_IS903	98.387	62	1	0	137619	137680	1	62	1.33e-21	110
SRR18543877_IncFII_1_pKP91	IS903_IS5_IS903	100.000	29	0	0	196297	196325	1029	1057	6.32e-05	54.7
SRR18543877_IncFII_1_pKP91	IS1X2_IS1_unknown	97.396	768	20	0	17564	18331	768	1	0.0	1308
SRR18543877_IncFII_1_pKP91	IS1X2_IS1_unknown	93.880	768	47	0	114633	115400	1	768	0.0	1158
SRR18543877_IncFII_1_pKP91	IS1X2_IS1_unknown	93.758	769	46	2	53987	54754	768	1	0.0	1153
SRR18543877_IncFII_1_pKP91	IS1X2_IS1_unknown	93.128	713	49	0	171994	172706	56	768	0.0	1046
SRR18543877_IncFII_1_pKP91	IS1X2_IS1_unknown	89.077	769	82	2	41274	42041	768	1	0.0	953
SRR18543877_IncFII_1_pKP91	IS1X2_IS1_unknown	99.580	238	1	0	45897	46134	238	1	1.93e-119	435
SRR18543877_IncFII_1_pKP91	IS1X2_IS1_unknown	97.500	80	2	0	116269	116348	1	80	6.10e-30	137
SRR18543877_IncFII_1_pKP91	ISPlge3_IS3_IS150	83.345	1399	219	13	82333	83724	1392	1	0.0	1280
SRR18543877_IncFII_1_pKP91	ISSen9_IS1_unknown	95.443	768	35	0	17564	18331	768	1	0.0	1225
SRR18543877_IncFII_1_pKP91	ISSen9_IS1_unknown	93.620	768	49	0	114633	115400	1	768	0.0	1147
SRR18543877_IncFII_1_pKP91	ISSen9_IS1_unknown	95.652	713	31	0	171994	172706	56	768	0.0	1146
SRR18543877_IncFII_1_pKP91	ISSen9_IS1_unknown	92.328	769	57	2	53987	54754	768	1	0.0	1092
SRR18543877_IncFII_1_pKP91	ISSen9_IS1_unknown	88.557	769	86	2	41274	42041	768	1	0.0	931
SRR18543877_IncFII_1_pKP91	ISSen9_IS1_unknown	98.739	238	3	0	45897	46134	238	1	4.18e-116	424
SRR18543877_IncFII_1_pKP91	ISSen9_IS1_unknown	100.000	80	0	0	116269	116348	1	80	2.82e-33	148
SRR18543877_IncFII_1_pKP91	ISLad1_IS3_IS3	89.925	933	92	2	112993	113924	932	1	0.0	1201
SRR18543877_IncFII_1_pKP91	ISLad1_IS3_IS3	98.214	56	1	0	45728	45783	988	933	2.88e-18	99.0
SRR18543877_IncFII_1_pKP91	ISLad1_IS3_IS3	98.182	55	1	0	111708	111762	987	933	1.04e-17	97.1
SRR18543877_IncFII_1_pKP91	IS1F_IS1_unknown	94.531	768	42	0	17564	18331	768	1	0.0	1186
SRR18543877_IncFII_1_pKP91	IS1F_IS1_unknown	92.978	769	52	2	53987	54754	768	1	0.0	1120
SRR18543877_IncFII_1_pKP91	IS1F_IS1_unknown	94.109	713	42	0	171994	172706	56	768	0.0	1085
SRR18543877_IncFII_1_pKP91	IS1F_IS1_unknown	89.974	768	77	0	114633	115400	1	768	0.0	992
SRR18543877_IncFII_1_pKP91	IS1F_IS1_unknown	87.776	769	92	2	41274	42041	768	1	0.0	898
SRR18543877_IncFII_1_pKP91	IS1F_IS1_unknown	90.756	238	22	0	45897	46134	238	1	2.03e-84	318
SRR18543877_IncFII_1_pKP91	IS1F_IS1_unknown	87.500	80	10	0	116269	116348	1	80	1.34e-16	93.5
SRR18543877_IncFII_1_pKP91	IS1X1_IS1_unknown	94.271	768	44	0	17564	18331	768	1	0.0	1175
SRR18543877_IncFII_1_pKP91	IS1X1_IS1_unknown	92.718	769	54	2	53987	54754	768	1	0.0	1109
SRR18543877_IncFII_1_pKP91	IS1X1_IS1_unknown	93.689	713	45	0	171994	172706	56	768	0.0	1068
SRR18543877_IncFII_1_pKP91	IS1X1_IS1_unknown	89.974	768	77	0	114633	115400	1	768	0.0	992
SRR18543877_IncFII_1_pKP91	IS1X1_IS1_unknown	87.386	769	95	2	41274	42041	768	1	0.0	881
SRR18543877_IncFII_1_pKP91	IS1X1_IS1_unknown	89.916	238	24	0	45897	46134	238	1	4.40e-81	307
SRR18543877_IncFII_1_pKP91	ISPan1_IS5_IS903	87.388	1007	123	4	184247	185251	1005	1	0.0	1153
SRR18543877_IncFII_1_pKP91	ISPan1_IS5_IS903	85.098	765	105	8	55548	56308	297	1056	0.0	773
SRR18543877_IncFII_1_pKP91	ISPan1_IS5_IS903	85.098	765	105	8	126600	127360	297	1056	0.0	773
SRR18543877_IncFII_1_pKP91	ISPan1_IS5_IS903	86.416	346	45	2	215496	215839	629	284	3.30e-102	377
SRR18543877_IncFII_1_pKP91	ISPan1_IS5_IS903	87.087	333	43	0	56310	56642	297	629	3.30e-102	377
SRR18543877_IncFII_1_pKP91	ISPan1_IS5_IS903	87.087	333	43	0	68095	68427	297	629	3.30e-102	377
SRR18543877_IncFII_1_pKP91	ISPan1_IS5_IS903	87.087	333	43	0	117797	118129	629	297	3.30e-102	377
SRR18543877_IncFII_1_pKP91	ISPan1_IS5_IS903	87.087	333	43	0	116906	117238	629	297	3.30e-102	377
SRR18543877_IncFII_1_pKP91	ISPan1_IS5_IS903	87.087	333	43	0	137682	138014	297	629	3.30e-102	377
SRR18543877_IncFII_1_pKP91	ISPan1_IS5_IS903	87.087	333	43	0	56869	57201	629	297	3.30e-102	377
SRR18543877_IncFII_1_pKP91	ISPan1_IS5_IS903	87.087	333	43	0	31980	32312	629	297	3.30e-102	377
SRR18543877_IncFII_1_pKP91	ISPan1_IS5_IS903	88.108	185	21	1	34097	34280	1	185	2.12e-54	219
SRR18543877_IncFII_1_pKP91	ISPan1_IS5_IS903	94.340	53	3	0	137619	137671	1	53	2.90e-13	82.4
SRR18543877_IncFII_1_pKP91	IS1X4_IS1_unknown	93.490	768	50	0	17564	18331	768	1	0.0	1142
SRR18543877_IncFII_1_pKP91	IS1X4_IS1_unknown	95.231	713	34	0	171994	172706	56	768	0.0	1129
SRR18543877_IncFII_1_pKP91	IS1X4_IS1_unknown	92.068	769	59	2	53987	54754	768	1	0.0	1081
SRR18543877_IncFII_1_pKP91	IS1X4_IS1_unknown	91.797	768	63	0	114633	115400	1	768	0.0	1070
SRR18543877_IncFII_1_pKP91	IS1X4_IS1_unknown	88.947	769	83	2	41274	42041	768	1	0.0	948
SRR18543877_IncFII_1_pKP91	IS1X4_IS1_unknown	94.118	238	14	0	45897	46134	238	1	9.25e-98	363
SRR18543877_IncFII_1_pKP91	IS1X4_IS1_unknown	98.750	80	1	0	116269	116348	1	80	1.31e-31	143
SRR18543877_IncFII_1_pKP91	IS1X3_IS1_unknown	95.512	713	32	0	171994	172706	57	769	0.0	1140
SRR18543877_IncFII_1_pKP91	IS1X3_IS1_unknown	91.885	764	62	0	17564	18327	769	6	0.0	1068
SRR18543877_IncFII_1_pKP91	IS1X3_IS1_unknown	91.656	767	62	2	53987	54752	769	4	0.0	1061
SRR18543877_IncFII_1_pKP91	IS1X3_IS1_unknown	91.099	764	68	0	114637	115400	6	769	0.0	1035
SRR18543877_IncFII_1_pKP91	IS1X3_IS1_unknown	87.353	767	95	2	41274	42039	769	4	0.0	878
SRR18543877_IncFII_1_pKP91	IS1X3_IS1_unknown	92.308	234	18	0	45897	46130	239	6	7.25e-89	333
SRR18543877_IncFII_1_pKP91	IS1X3_IS1_unknown	91.026	78	7	0	116271	116348	4	81	1.72e-20	106
SRR18543877_IncFII_1_pKP91	ISEsa2_IS110_unknown	100.000	587	0	0	30026	30612	587	1	0.0	1085
SRR18543877_IncFII_1_pKP91	ISBrsa1_IS3_IS3	85.118	934	135	4	112993	113924	932	1	0.0	952
SRR18543877_IncFII_1_pKP91	ISKpn38_IS3_IS150	99.379	483	2	1	167052	167533	1032	550	0.0	874
SRR18543877_IncFII_1_pKP91	ISKpn38_IS3_IS150	99.379	483	2	1	68937	69418	550	1032	0.0	874
SRR18543877_IncFII_1_pKP91	ISKpn38_IS3_IS150	99.535	430	2	0	166622	167051	1598	1169	0.0	784
SRR18543877_IncFII_1_pKP91	ISKpn38_IS3_IS150	99.535	430	2	0	69419	69848	1169	1598	0.0	784
SRR18543877_IncFII_1_pKP91	ISKpn38_IS3_IS150	99.747	396	1	0	68542	68937	1	396	0.0	726
SRR18543877_IncFII_1_pKP91	ISPrre1_IS3_IS3	83.280	933	154	2	112993	113924	932	1	0.0	857
SRR18543877_IncFII_1_pKP91	ISEc62_IS21_unknown	95.588	476	21	0	195823	196298	1362	887	0.0	763
SRR18543877_IncFII_1_pKP91	ISCfr13_IS110_unknown	85.904	603	80	1	30028	30625	607	5	1.37e-180	638
SRR18543877_IncFII_1_pKP91	ISPa16_IS5_IS5	87.729	546	61	5	11021	11563	1192	650	6.38e-179	632
SRR18543877_IncFII_1_pKP91	ISPpu18_IS5_IS5	87.363	546	63	5	11021	11563	1192	650	1.38e-175	621
SRR18543877_IncFII_1_pKP91	ISEch13_IS110_unknown	85.197	608	83	3	30028	30629	608	2	1.79e-174	617
SRR18543877_IncFII_1_pKP91	ISKpn26_IS5_IS5	98.788	330	4	0	124898	125227	1196	867	1.40e-165	588
SRR18543877_IncFII_1_pKP91	ISKpn26_IS5_IS5	98.788	330	4	0	185381	185710	867	1196	1.40e-165	588
SRR18543877_IncFII_1_pKP91	IS21_IS21_unknown	87.185	476	59	2	195824	196298	765	1239	3.98e-151	540
SRR18543877_IncFII_1_pKP91	IS640_IS21_unknown	86.975	476	60	2	195824	196298	765	1239	1.85e-149	534
SRR18543877_IncFII_1_pKP91	ISRaq1_IS3_IS407	90.049	412	39	2	183785	184195	1221	811	6.66e-149	532
SRR18543877_IncFII_1_pKP91	ISRaq1_IS3_IS407	93.396	212	14	0	18332	18543	1010	1221	2.63e-83	315
SRR18543877_IncFII_1_pKP91	ISSen4_IS3_IS407	89.831	413	38	4	183785	184195	1221	811	3.10e-147	527
SRR18543877_IncFII_1_pKP91	ISSen4_IS3_IS407	82.547	212	37	0	18332	18543	1010	1221	5.97e-45	187
SRR18543877_IncFII_1_pKP91	ISEch11_IS110_unknown	82.261	575	102	0	30055	30629	576	2	2.43e-138	497
SRR18543877_IncFII_1_pKP91	ISKpn34_IS3_IS407	88.321	411	46	2	183785	184194	1221	812	1.13e-136	492
SRR18543877_IncFII_1_pKP91	ISKpn34_IS3_IS407	87.736	212	26	0	18332	18543	1010	1221	2.70e-63	248
SRR18543877_IncFII_1_pKP91	ISSpr2_IS3_IS407	87.591	411	49	2	183785	184194	1221	812	1.14e-131	475
SRR18543877_IncFII_1_pKP91	ISSpr2_IS3_IS407	86.792	212	28	0	18332	18543	1010	1221	5.85e-60	237
SRR18543877_IncFII_1_pKP91	ISPa52_IS5_IS5	82.084	547	89	8	11021	11563	1190	649	1.15e-126	459
SRR18543877_IncFII_1_pKP91	ISPst5_IS5_IS5	79.670	546	104	7	11021	11563	1191	650	5.49e-105	387
SRR18543877_IncFII_1_pKP91	ISEhe4_IS3_IS407	82.482	411	70	2	183785	184194	1221	812	1.20e-96	359
SRR18543877_IncFII_1_pKP91	IS5_IS5_IS5	86.145	332	41	5	124898	125227	1195	867	5.57e-95	353
SRR18543877_IncFII_1_pKP91	IS5_IS5_IS5	86.145	332	41	5	185381	185710	867	1195	5.57e-95	353
SRR18543877_IncFII_1_pKP91	IS5B_IS5_IS5	85.586	333	41	7	124898	125227	1207	879	1.20e-91	342
SRR18543877_IncFII_1_pKP91	IS5B_IS5_IS5	85.586	333	41	7	185381	185710	879	1207	1.20e-91	342
SRR18543877_IncFII_1_pKP91	IS5D_IS5_IS5	95.187	187	9	0	125041	125227	1053	867	9.51e-78	296
SRR18543877_IncFII_1_pKP91	IS5D_IS5_IS5	95.187	187	9	0	185381	185567	867	1053	9.51e-78	296
SRR18543877_IncFII_1_pKP91	IS5D_IS5_IS5	83.264	239	35	5	124898	125134	1283	1048	2.74e-53	215
SRR18543877_IncFII_1_pKP91	IS5D_IS5_IS5	83.264	239	35	5	185474	185710	1048	1283	2.74e-53	215
SRR18543877_IncFII_1_pKP91	ISEcl1_IS3_IS2	95.652	115	2	1	171894	172005	1336	1222	2.78e-43	182
SRR18543877_IncFII_1_pKP91	IS1400_IS3_IS407	90.426	94	9	0	195514	195607	1192	1099	4.75e-26	124
SRR18543877_IncFII_1_pKP91	ISXo1_IS5_IS5	81.333	150	28	0	11194	11343	1016	867	1.71e-25	122
SRR18543877_IncFII_1_pKP91	ISPpu14_IS66_unknown	88.542	96	11	0	171705	171800	2200	2295	7.95e-24	117
SRR18543877_IncFII_1_pKP91	ISEc31_IS3_IS3	92.857	56	4	0	113551	113606	383	328	2.90e-13	82.4
SRR18543877_IncFII_1_pKP91	ISCfr6_IS3_IS3	87.879	66	8	0	113848	113913	77	12	3.75e-12	78.7
SRR18543877_IncFII_1_pKP91	ISPsy24_IS3_IS3	96.875	32	1	0	113575	113606	348	317	6.32e-05	54.7
SRR18543877_IncFII_1_pKP91	ISPa126_IS3_IS3	96.875	32	1	0	113575	113606	348	317	6.32e-05	54.7
SRR18543877_IncFII_1_pKP91	ISKpn21_ISNCY_IS1202	100.000	29	0	0	69849	69877	29	1	6.32e-05	54.7
SRR18543877_IncFII_1_pKP91	ISKpn21_ISNCY_IS1202	100.000	29	0	0	166593	166621	1	29	6.32e-05	54.7
SRR18543877_Col440I	ISKpn34_IS3_IS407	88.880	1223	124	5	4857	6069	1	1221	0.0	1495
SRR18543877_Col440I	ISRaq1_IS3_IS407	88.644	1224	125	4	4857	6069	1	1221	0.0	1478
SRR18543877_Col440I	ISSpr2_IS3_IS407	88.553	1223	128	2	4857	6069	1	1221	0.0	1472
SRR18543877_Col440I	ISSen4_IS3_IS407	88.254	1226	126	8	4857	6069	1	1221	0.0	1450
SRR18543877_Col440I	IS1222_IS3_IS407	87.684	1226	133	8	4857	6069	1	1221	0.0	1411
SRR18543877_Col440I	ISEhe4_IS3_IS407	84.408	1225	175	11	4857	6069	1	1221	0.0	1190
SRR18543877_Col440I	ISYen3_IS3_IS407	91.906	556	33	4	4857	5401	1	555	0.0	767
SRR18543877_Col440I	ISYen3_IS3_IS407	85.476	599	83	3	5472	6069	545	1140	5.01e-177	621
