qseqid	sseqid	qstart	qend	sstart	send	evalue	bitscore	pident	qcovs	slen	qlen	q_perc_aligned	overlapped_bases	coverage_percentage	bases_covered	gene_name
198_R	CP011626.1	1	160	1063	1222	5.3e-76	289.0	100.0	100	6538	160	1.0	0	23.97%	1567.00	Col440I_1_pld2
85	CP011626.1	241	1639	5131	6537	0.0	2167.0	94.476	41	6538	3389	0.4128061375036884	0	23.97%	1567.00	Col440I_1_pld2
198	CP024513.1	1	160	679	838	5.3e-76	289.0	100.0	100	3336	160	1.0	0	64.18%	2141.00	Col440I_1_pld2
85_R	CP024513.1	731	2711	1356	3336	0.0	3551.0	99.748	58	3336	3389	0.5845382118619061	0	64.18%	2141.00	Col440I_1_pld2
198_R	CP044375.1	1	160	841	1000	2.74e-73	280.0	98.75	100	2926	160	1.0	0	62.47%	1828.00	Col440I_1_pld2
85	CP044375.1	3	1657	1003	2670	0.0	2254.0	90.346	49	2926	3389	0.4883446444378873	0	62.47%	1828.00	Col440I_1_pld2
85_R	CP052420.1	1936	3387	31	1493	0.0	2177.0	93.183	43	2927	3389	0.4284449690174092	0	55.45%	1623.00	Col440I_1_pld2
198	CP052420.1	1	160	1496	1655	2.74e-73	280.0	98.75	100	2927	160	1.0	0	55.45%	1623.00	Col440I_1_pld2
85_R	CP052483.1	1936	3387	31	1493	0.0	2177.0	93.183	43	2927	3389	0.4284449690174092	0	55.45%	1623.00	Col440I_1_pld2
198	CP052483.1	1	160	1496	1655	2.74e-73	280.0	98.75	100	2927	160	1.0	0	55.45%	1623.00	Col440I_1_pld2
85_R	CP052530.1	1735	3213	2083	3574	0.0	2084.0	91.165	44	7256	3389	0.4364119209206255	0	20.56%	1492.00	Col440I_1_pld2
198	CP056671.1	1	160	1347	1506	1.98e-62	244.0	93.75	100	9509	160	1.0	0	21.83%	2076.00	Col440I_1_pld2
85_R	CP056671.1	607	2512	4414	6329	0.0	3112.0	96.142	56	9509	3389	0.5624077899085276	0	21.83%	2076.00	Col440I_1_pld2
198_R	CP067693.1	1	160	8937	9096	2.74e-73	280.0	98.75	100	12968	160	1.0	0	14.10%	1829.00	Col440I_1_pld2
85	CP067693.1	3	1657	9099	10767	0.0	2271.0	90.524	49	12968	3389	0.4883446444378873	0	14.10%	1829.00	Col440I_1_pld2
85	CP094901.1	592	3389	1	2798	0.0	5038.0	99.929	83	3549	3389	0.8256122750073768	0	83.35%	2958.00	Col440I_1_pld2
198_R	CP094901.1	1	160	2799	2958	5.3e-76	289.0	100.0	100	3549	160	1.0	0	83.35%	2958.00	Col440I_1_pld2
198_R	CP094911.1	1	160	1412	1571	2.74e-73	280.0	98.75	100	2933	160	1.0	0	51.82%	1520.00	Col440I_1_pld2
85	CP094911.1	3	1345	1574	2933	0.0	1992.0	92.669	40	2933	3389	0.3962820891118324	0	51.82%	1520.00	Col440I_1_pld2
85_R	CP094917.1	1789	3387	1	1613	0.0	2211.0	90.752	47	2927	3389	0.4718205960460312	0	60.57%	1773.00	Col440I_1_pld2
198	CP094917.1	1	160	1616	1775	2.74e-73	280.0	98.75	100	2927	160	1.0	0	60.57%	1773.00	Col440I_1_pld2
85_R	CP120876.1	1730	3224	2215	3716	0.0	2265.0	93.63	44	3958	3389	0.441133077604013	0	37.95%	1502.00	Col440I_1_pld2
85_R	CP128698.1	1597	2870	21225	22498	0.0	2289.0	99.843	38	51077	3389	0.3759221009147241	0	2.49%	1274.00	Col440I_1_pld2
198_R	CP128742.1	1	160	1419	1578	2.74e-73	280.0	98.75	100	2933	160	1.0	0	51.59%	1513.00	Col440I_1_pld2
85	CP128742.1	3	1338	1581	2933	0.0	1979.0	92.631	39	2933	3389	0.3942165830628504	0	51.59%	1513.00	Col440I_1_pld2
198_R	CP128751.1	1	160	1419	1578	2.74e-73	280.0	98.75	100	2933	160	1.0	0	51.59%	1513.00	Col440I_1_pld2
85	CP128751.1	3	1338	1581	2933	0.0	1979.0	92.631	39	2933	3389	0.3942165830628504	0	51.59%	1513.00	Col440I_1_pld2
85_R	LC620536.1	1727	3389	14099	15761	0.0	2995.0	99.94	49	20476	3389	0.490705222779581	0	8.90%	1823.00	Col440I_1_pld2
198	LC620536.1	1	160	15762	15921	5.3e-76	289.0	100.0	100	20476	160	1.0	0	8.90%	1823.00	Col440I_1_pld2
209	LC622104.1	1	144	3379	3522	2.2699999999999997e-67	260.0	100.0	100	60311	144	1.0	0	10.07%	6076.00	Col440I_1_pld2
85_R	LC622104.1	1733	3389	23284	24954	0.0	2284.0	90.655	78	60311	3389	0.4889347890233107	0	10.07%	6076.00	Col440I_1_pld2
198	LC622104.1	1	160	24955	25114	5.3e-76	289.0	100.0	100	60311	160	1.0	0	10.07%	6076.00	Col440I_1_pld2
105	LC622104.1	1	1380	25343	26722	0.0	2489.0	100.0	100	60311	1380	1.0	0	10.07%	6076.00	Col440I_1_pld2
114_R	LC622104.1	1	898	26723	27620	0.0	1620.0	100.0	100	60311	898	1.0	0	10.07%	6076.00	Col440I_1_pld2
198_R	LC622104.1	1	160	48969	49128	5.3e-76	289.0	100.0	100	60311	160	1.0	0	10.07%	6076.00	Col440I_1_pld2
85	LC622104.1	1	1663	49129	50791	0.0	2995.0	99.94	78	60311	3389	0.490705222779581	0	10.07%	6076.00	Col440I_1_pld2
204	LC623933.1	1	150	55175	55324	5.57e-69	267.0	99.333	100	129459	150	1.0	0	1.79%	2321.00	Col440I_1_pld2
179_R	LC623933.1	1	204	55337	55540	9.25e-100	369.0	100.0	100	129459	204	1.0	0	1.79%	2321.00	Col440I_1_pld2
209	LC623933.1	1	144	110280	110423	2.2699999999999997e-67	260.0	100.0	100	129459	144	1.0	0	1.79%	2321.00	Col440I_1_pld2
85_R	LC623933.1	1727	3389	126115	127777	0.0	2995.0	99.94	78	129459	3389	0.490705222779581	0	1.79%	2321.00	Col440I_1_pld2
198	LC623933.1	1	160	127778	127937	5.3e-76	289.0	100.0	100	129459	160	1.0	0	1.79%	2321.00	Col440I_1_pld2
198	LR890221.1	1	160	1	160	2.25e-74	285.0	99.375	100	3258	160	1.0	0	54.11%	1763.00	Col440I_1_pld2
85_R	LR890221.1	1782	3389	1656	3258	0.0	2352.0	92.497	47	3258	3389	0.4744762466804367	0	54.11%	1763.00	Col440I_1_pld2
198_R	LR890403.1	1	160	4209	4368	5.3e-76	289.0	100.0	100	5783	160	1.0	0	27.23%	1575.00	Col440I_1_pld2
85	LR890403.1	1	1403	4369	5783	0.0	2260.0	95.621	41	5783	3389	0.4139864266745353	0	27.23%	1575.00	Col440I_1_pld2
85_R	LR890445.1	210	3389	1	3180	0.0	5713.0	99.843	94	3549	3389	0.9383298908232516	0	94.11%	3340.00	Col440I_1_pld2
198	LR890445.1	1	160	3181	3340	5.3e-76	289.0	100.0	100	3549	160	1.0	0	94.11%	3340.00	Col440I_1_pld2
198_R	LR890460.1	1	160	3558	3717	1.98e-62	244.0	93.75	100	5840	160	1.0	0	36.03%	2104.00	Col440I_1_pld2
82	LR890460.1	182	1650	3897	5364	0.0	2090.0	91.734	34	5840	4304	0.3413104089219331	0	36.03%	2104.00	Col440I_1_pld2
85	LR890460.1	709	2133	4406	5840	0.0	2209.0	94.22	42	5840	3389	0.4204780171141929	0	36.03%	2104.00	Col440I_1_pld2
85	LR890480.1	1	2220	20	2251	0.0	3151.0	91.444	66	9452	3389	0.6550604898200059	0	25.11%	2373.00	Col440I_1_pld2
198_R	LR890480.1	1	141	9312	9452	1.09e-65	255.0	100.0	88	9452	160	0.88125	0	25.11%	2373.00	Col440I_1_pld2
198	LR890593.1	1	160	452	611	5.3e-76	289.0	100.0	100	3549	160	1.0	0	87.29%	3098.00	Col440I_1_pld2
85_R	LR890593.1	1	2938	612	3549	0.0	5286.0	99.898	87	3549	3389	0.8669223959870168	0	87.29%	3098.00	Col440I_1_pld2
85_R	LR890623.1	2248	3389	1	1142	0.0	2056.0	99.912	100	3549	3389	1.0	0	100.00%	3549.00	Col440I_1_pld2
198	LR890623.1	1	160	1143	1302	5.3e-76	289.0	100.0	100	3549	160	1.0	0	100.00%	3549.00	Col440I_1_pld2
85_R	LR890623.1	1	2247	1303	3549	0.0	4048.0	99.955	100	3549	3389	1.0	0	100.00%	3549.00	Col440I_1_pld2
198_R	LR890732.1	1	160	731	890	5.3e-76	289.0	100.0	100	3549	160	1.0	0	79.43%	2819.00	Col440I_1_pld2
85	LR890732.1	1	2659	891	3549	0.0	4782.0	99.887	78	3549	3389	0.7845972263204485	0	79.43%	2819.00	Col440I_1_pld2
85_R	LR890733.1	731	3389	8	2666	0.0	4782.0	99.887	78	3336	3389	0.7845972263204485	0	84.50%	2819.00	Col440I_1_pld2
198	LR890733.1	1	160	2667	2826	5.3e-76	289.0	100.0	100	3336	160	1.0	0	84.50%	2819.00	Col440I_1_pld2
85_R	LR890743.1	1170	3389	41897	44128	0.0	3151.0	91.444	66	140462	3389	0.6550604898200059	0	5.39%	7568.00	Col440I_1_pld2
198	LR890743.1	1	160	44129	44288	5.3e-76	289.0	100.0	100	140462	160	1.0	0	5.39%	7568.00	Col440I_1_pld2
85_R	LR890743.1	1170	3389	51350	53581	0.0	3151.0	91.444	66	140462	3389	0.6550604898200059	0	5.39%	7568.00	Col440I_1_pld2
198	LR890743.1	1	160	53582	53741	5.3e-76	289.0	100.0	100	140462	160	1.0	0	5.39%	7568.00	Col440I_1_pld2
90_R	LR890743.1	1	2454	68188	70641	0.0	3844.0	94.786	100	140462	2454	1.0	0	5.39%	7568.00	Col440I_1_pld2
159	LR890743.1	1	330	106821	107150	2.6999999999999998e-166	591.0	99.697	100	140462	330	1.0	0	5.39%	7568.00	Col440I_1_pld2
198	NZ_AP021957.1	1	160	138	297	1.62e-63	249.0	94.375	100	8604	160	1.0	0	21.19%	1823.00	Col440I_1_pld2
85_R	NZ_AP021957.1	1730	3224	2428	3930	0.0	2273.0	93.696	44	8604	3389	0.441133077604013	0	21.19%	1823.00	Col440I_1_pld2
198	NZ_AP021957.1	1	160	4097	4256	8.4e-61	240.0	93.125	100	8604	160	1.0	0	21.19%	1823.00	Col440I_1_pld2
85_R	NZ_AP022119.1	2356	3389	1	1034	0.0	1815.0	99.034	31	4187	3389	0.3051047506639127	0	28.52%	1194.00	Col440I_1_pld2
198	NZ_AP022119.1	1	160	1035	1194	5.3e-76	289.0	100.0	100	4187	160	1.0	0	28.52%	1194.00	Col440I_1_pld2
130	NZ_AP022148.1	1	556	1692	2247	0.0	1003.0	100.0	100	4862	556	1.0	0	51.93%	2525.00	Col440I_1_pld2
213_R	NZ_AP022148.1	1	140	2542	2681	3.25e-65	253.0	100.0	100	4862	140	1.0	0	51.93%	2525.00	Col440I_1_pld2
85_R	NZ_AP022148.1	1729	3389	2755	4423	0.0	2571.0	94.325	49	4862	3389	0.4901150781941575	0	51.93%	2525.00	Col440I_1_pld2
198	NZ_AP022148.1	1	160	4424	4583	5.3e-76	289.0	100.0	100	4862	160	1.0	0	51.93%	2525.00	Col440I_1_pld2
198	NZ_AP022414.1	1	160	1015	1174	5.3e-76	289.0	100.0	100	7942	160	1.0	0	48.95%	3888.00	Col440I_1_pld2
136	NZ_AP022414.1	1	497	2351	2847	0.0	897.0	100.0	100	7942	497	1.0	0	48.95%	3888.00	Col440I_1_pld2
120	NZ_AP022414.1	1	717	2855	3571	0.0	1294.0	100.0	100	7942	717	1.0	0	48.95%	3888.00	Col440I_1_pld2
198	NZ_AP022414.1	1	160	5429	5588	5.3e-76	289.0	100.0	100	7942	160	1.0	0	48.95%	3888.00	Col440I_1_pld2
85_R	NZ_AP022414.1	1	2354	5589	7942	0.0	4237.0	99.915	69	7942	3389	0.6946001770433756	0	48.95%	3888.00	Col440I_1_pld2
198_R	NZ_AP024178.1	1	160	578	737	5.3e-76	289.0	100.0	100	5783	160	1.0	0	41.36%	2392.00	Col440I_1_pld2
85	NZ_AP024178.1	1	2220	738	2969	0.0	3151.0	91.444	66	5783	3389	0.6550604898200059	0	41.36%	2392.00	Col440I_1_pld2
198_R	NZ_AP026415.1	1	159	1511	1669	1.85e-75	288.0	100.0	99	4730	160	0.99375	0	38.79%	1835.00	Col440I_1_pld2
85	NZ_AP026415.1	1	1658	1670	3345	0.0	2477.0	93.214	49	4730	3389	0.4892298613160224	0	38.79%	1835.00	Col440I_1_pld2
85_R	NZ_AP026878.1	1732	3389	1718	3385	0.0	2499.0	93.664	49	4697	3389	0.4892298613160224	0	38.90%	1827.00	Col440I_1_pld2
198	NZ_AP026878.1	2	160	3386	3544	2.11e-68	265.0	96.855	99	4697	160	0.99375	0	38.90%	1827.00	Col440I_1_pld2
85_R	NZ_CP011643.1	1957	3387	1	1442	0.0	2139.0	93.084	42	2927	3389	0.4222484508704632	0	54.73%	1602.00	Col440I_1_pld2
198	NZ_CP011643.1	1	160	1445	1604	2.74e-73	280.0	98.75	100	2927	160	1.0	0	54.73%	1602.00	Col440I_1_pld2
105	NZ_CP017451.1	1	1380	70105	71484	0.0	2489.0	100.0	100	526446	1380	1.0	0	7.78%	40941.00	Col440I_1_pld2
150_R	NZ_CP017451.1	1	397	72357	72753	0.0	717.0	100.0	100	526446	397	1.0	0	7.78%	40941.00	Col440I_1_pld2
202	NZ_CP017451.1	1	152	72755	72906	1.09e-71	275.0	100.0	100	526446	152	1.0	0	7.78%	40941.00	Col440I_1_pld2
181	NZ_CP017451.1	1	196	72908	73103	1.9399999999999998e-95	354.0	100.0	100	526446	196	1.0	0	7.78%	40941.00	Col440I_1_pld2
188	NZ_CP017451.1	1	183	73104	73286	2.04e-88	331.0	100.0	100	526446	183	1.0	0	7.78%	40941.00	Col440I_1_pld2
242	NZ_CP017451.1	1	102	73288	73389	9.01e-45	185.0	100.0	100	526446	102	1.0	0	7.78%	40941.00	Col440I_1_pld2
217_R	NZ_CP017451.1	1	136	73390	73525	4.64e-63	246.0	100.0	100	526446	136	1.0	0	7.78%	40941.00	Col440I_1_pld2
160_R	NZ_CP017451.1	1	328	73526	73853	7.67e-167	592.0	100.0	100	526446	328	1.0	0	7.78%	40941.00	Col440I_1_pld2
218_R	NZ_CP017451.1	2	132	73855	73985	2.41e-60	237.0	100.0	96	526446	136	0.9632352941176472	0	7.78%	40941.00	Col440I_1_pld2
169	NZ_CP017451.1	1	262	85428	85689	4.0399999999999997e-131	473.0	100.0	100	526446	262	1.0	0	7.78%	40941.00	Col440I_1_pld2
194_R	NZ_CP017451.1	1	167	85690	85690	8.92e-80	302.0	100.0	99	526446	168	0.9940476190476192	166	7.78%	40941.00	Col440I_1_pld2
193_R	NZ_CP017451.1	2	168	85691	85857	3.79e-78	297.0	99.401	99	526446	168	0.9940476190476192	0	7.78%	40941.00	Col440I_1_pld2
210_R	NZ_CP017451.1	1	144	85858	86001	2.2699999999999997e-67	260.0	100.0	100	526446	144	1.0	0	7.78%	40941.00	Col440I_1_pld2
76	NZ_CP017451.1	1	5592	118809	124400	0.0	10072.0	99.946	100	526446	5592	1.0	0	7.78%	40941.00	Col440I_1_pld2
55	NZ_CP017451.1	1	7226	124393	131618	0.0	13027.0	99.986	38	526446	19021	0.3798959045265759	0	7.78%	40941.00	Col440I_1_pld2
160	NZ_CP017451.1	1	328	131717	132044	7.67e-167	592.0	100.0	100	526446	328	1.0	0	7.78%	40941.00	Col440I_1_pld2
217	NZ_CP017451.1	1	136	132045	132180	4.64e-63	246.0	100.0	100	526446	136	1.0	0	7.78%	40941.00	Col440I_1_pld2
242_R	NZ_CP017451.1	1	102	132181	132282	9.01e-45	185.0	100.0	100	526446	102	1.0	0	7.78%	40941.00	Col440I_1_pld2
188_R	NZ_CP017451.1	1	183	132284	132466	2.04e-88	331.0	100.0	100	526446	183	1.0	0	7.78%	40941.00	Col440I_1_pld2
181_R	NZ_CP017451.1	1	196	132467	132662	1.9399999999999998e-95	354.0	100.0	100	526446	196	1.0	0	7.78%	40941.00	Col440I_1_pld2
202_R	NZ_CP017451.1	1	152	132664	132815	1.09e-71	275.0	100.0	100	526446	152	1.0	0	7.78%	40941.00	Col440I_1_pld2
150	NZ_CP017451.1	1	397	132817	133213	0.0	717.0	100.0	100	526446	397	1.0	0	7.78%	40941.00	Col440I_1_pld2
209_R	NZ_CP017451.1	1	144	133752	133895	2.2699999999999997e-67	260.0	100.0	100	526446	144	1.0	0	7.78%	40941.00	Col440I_1_pld2
231	NZ_CP017451.1	1	125	150494	150618	3.89e-57	226.0	100.0	100	526446	125	1.0	0	7.78%	40941.00	Col440I_1_pld2
186_R	NZ_CP017451.1	1	185	196028	196212	3.74e-85	321.0	98.378	100	526446	185	1.0	0	7.78%	40941.00	Col440I_1_pld2
231_R	NZ_CP017451.1	1	125	196231	196355	3.89e-57	226.0	100.0	100	526446	125	1.0	0	7.78%	40941.00	Col440I_1_pld2
107_R	NZ_CP017451.1	1	1335	199459	200793	0.0	2399.0	99.85	100	526446	1335	1.0	0	7.78%	40941.00	Col440I_1_pld2
159_R	NZ_CP017451.1	1	330	287768	288097	2.6999999999999998e-166	591.0	99.697	100	526446	330	1.0	0	7.78%	40941.00	Col440I_1_pld2
186_R	NZ_CP017451.1	1	185	288636	288820	1.7e-89	334.0	100.0	100	526446	185	1.0	0	7.78%	40941.00	Col440I_1_pld2
231_R	NZ_CP017451.1	1	125	288839	288963	3.89e-57	226.0	100.0	100	526446	125	1.0	0	7.78%	40941.00	Col440I_1_pld2
231_R	NZ_CP017451.1	1	125	303108	303232	3.89e-57	226.0	100.0	100	526446	125	1.0	0	7.78%	40941.00	Col440I_1_pld2
231	NZ_CP017451.1	1	125	303959	304083	3.89e-57	226.0	100.0	100	526446	125	1.0	0	7.78%	40941.00	Col440I_1_pld2
186	NZ_CP017451.1	1	185	304102	304286	1.7e-89	334.0	100.0	100	526446	185	1.0	0	7.78%	40941.00	Col440I_1_pld2
159	NZ_CP017451.1	1	330	304825	305154	2.6999999999999998e-166	591.0	99.697	100	526446	330	1.0	0	7.78%	40941.00	Col440I_1_pld2
209_R	NZ_CP017451.1	1	144	305199	305342	2.2699999999999997e-67	260.0	100.0	100	526446	144	1.0	0	7.78%	40941.00	Col440I_1_pld2
159_R	NZ_CP017451.1	1	330	323843	324172	2.6999999999999998e-166	591.0	99.697	100	526446	330	1.0	0	7.78%	40941.00	Col440I_1_pld2
186_R	NZ_CP017451.1	1	185	324711	324895	1.7e-89	334.0	100.0	100	526446	185	1.0	0	7.78%	40941.00	Col440I_1_pld2
231_R	NZ_CP017451.1	1	125	324914	325038	3.89e-57	226.0	100.0	100	526446	125	1.0	0	7.78%	40941.00	Col440I_1_pld2
107_R	NZ_CP017451.1	1	1335	349643	350977	0.0	2408.0	100.0	100	526446	1335	1.0	0	7.78%	40941.00	Col440I_1_pld2
107	NZ_CP017451.1	1	1335	410180	411514	0.0	2404.0	99.925	100	526446	1335	1.0	0	7.78%	40941.00	Col440I_1_pld2
107	NZ_CP017451.1	1	1335	468779	470113	0.0	2399.0	99.85	100	526446	1335	1.0	0	7.78%	40941.00	Col440I_1_pld2
107_R	NZ_CP017451.1	1	1335	474342	475676	0.0	2404.0	99.925	100	526446	1335	1.0	0	7.78%	40941.00	Col440I_1_pld2
85	NZ_CP017451.1	1282	2783	475691	477193	0.0	2672.0	99.468	44	526446	3389	0.4431985836529949	0	7.78%	40941.00	Col440I_1_pld2
53_R	NZ_CP017451.1	4099	14303	481682	491884	0.0	18149.0	99.451	53	526446	19358	0.5271722285360058	0	7.78%	40941.00	Col440I_1_pld2
107_R	NZ_CP017451.1	1	1335	498162	499496	0.0	2399.0	99.85	100	526446	1335	1.0	0	7.78%	40941.00	Col440I_1_pld2
169	NZ_CP017451.1	1	262	508941	509202	4.0399999999999997e-131	473.0	100.0	100	526446	262	1.0	0	7.78%	40941.00	Col440I_1_pld2
194_R	NZ_CP017451.1	1	167	509203	509203	8.92e-80	302.0	100.0	99	526446	168	0.9940476190476192	166	7.78%	40941.00	Col440I_1_pld2
193_R	NZ_CP017451.1	2	168	509204	509370	3.79e-78	297.0	99.401	99	526446	168	0.9940476190476192	0	7.78%	40941.00	Col440I_1_pld2
210_R	NZ_CP017451.1	1	144	509371	509514	2.2699999999999997e-67	260.0	100.0	100	526446	144	1.0	0	7.78%	40941.00	Col440I_1_pld2
85_R	NZ_CP024492.1	1170	3389	1050	3281	0.0	3151.0	91.444	66	5783	3389	0.6550604898200059	0	41.36%	2392.00	Col440I_1_pld2
198	NZ_CP024492.1	1	160	3282	3441	5.3e-76	289.0	100.0	100	5783	160	1.0	0	41.36%	2392.00	Col440I_1_pld2
54_R	NZ_CP026175.1	230	19252	1	19024	0.0	33483.0	99.049	99	172259	19252	0.9881051319343443	0	55.74%	96021.00	Col440I_1_pld2
157_R	NZ_CP026175.1	1	339	19025	19363	8.500000000000001e-173	612.0	100.0	100	172259	339	1.0	0	55.74%	96021.00	Col440I_1_pld2
129	NZ_CP026175.1	1	558	19364	19921	0.0	998.0	99.642	100	172259	558	1.0	0	55.74%	96021.00	Col440I_1_pld2
221_R	NZ_CP026175.1	1	135	19922	20056	1.61e-62	244.0	100.0	100	172259	135	1.0	0	55.74%	96021.00	Col440I_1_pld2
93_R	NZ_CP026175.1	1	2179	20057	22235	0.0	3836.0	99.036	100	172259	2179	1.0	0	55.74%	96021.00	Col440I_1_pld2
220_R	NZ_CP026175.1	1	135	22236	22370	1.61e-62	244.0	100.0	100	172259	135	1.0	0	55.74%	96021.00	Col440I_1_pld2
157_R	NZ_CP026175.1	1	339	22411	22748	1.87e-149	535.0	95.588	100	172259	339	1.0	0	55.74%	96021.00	Col440I_1_pld2
214	NZ_CP026175.1	1	140	32340	32479	1.38e-63	249.0	99.286	100	172259	140	1.0	0	55.74%	96021.00	Col440I_1_pld2
182	NZ_CP026175.1	1	192	32747	32938	2.81e-93	347.0	100.0	100	172259	192	1.0	0	55.74%	96021.00	Col440I_1_pld2
222_R	NZ_CP026175.1	1	135	32939	33073	1.61e-62	244.0	100.0	100	172259	135	1.0	0	55.74%	96021.00	Col440I_1_pld2
234	NZ_CP026175.1	1	124	33127	33250	1.34e-56	224.0	100.0	100	172259	124	1.0	0	55.74%	96021.00	Col440I_1_pld2
55_R	NZ_CP026175.1	9500	19021	33313	42828	0.0	16806.0	99.139	100	172259	19021	0.5006045949214026	0	55.74%	96021.00	Col440I_1_pld2
76_R	NZ_CP026175.1	1	5592	42821	48412	0.0	10081.0	99.982	100	172259	5592	1.0	0	55.74%	96021.00	Col440I_1_pld2
209	NZ_CP026175.1	1	144	48413	48556	2.2699999999999997e-67	260.0	100.0	100	172259	144	1.0	0	55.74%	96021.00	Col440I_1_pld2
119	NZ_CP026175.1	1	749	48557	49305	0.0	1352.0	100.0	100	172259	749	1.0	0	55.74%	96021.00	Col440I_1_pld2
178	NZ_CP026175.1	1	206	49307	49512	7.68e-101	372.0	100.0	100	172259	206	1.0	0	55.74%	96021.00	Col440I_1_pld2
78	NZ_CP026175.1	1	4825	49513	54337	0.0	8693.0	99.959	100	172259	4825	1.0	0	55.74%	96021.00	Col440I_1_pld2
220_R	NZ_CP026175.1	1	135	54338	54473	2.38e-60	238.0	99.265	100	172259	135	1.0	0	55.74%	96021.00	Col440I_1_pld2
157_R	NZ_CP026175.1	1	339	54514	54852	1.87e-168	599.0	99.115	100	172259	339	1.0	0	55.74%	96021.00	Col440I_1_pld2
88_R	NZ_CP026175.1	1	2791	54853	57643	0.0	4933.0	99.212	100	172259	2791	1.0	0	55.74%	96021.00	Col440I_1_pld2
139_R	NZ_CP026175.1	1	480	57873	58352	0.0	812.0	97.5	100	172259	480	1.0	0	55.74%	96021.00	Col440I_1_pld2
190	NZ_CP026175.1	1	181	58353	58533	2.45e-87	327.0	100.0	100	172259	181	1.0	0	55.74%	96021.00	Col440I_1_pld2
142_R	NZ_CP026175.1	1	448	58534	58981	0.0	800.0	99.554	99	172259	450	0.9955555555555556	0	55.74%	96021.00	Col440I_1_pld2
204	NZ_CP026175.1	1	150	58984	59133	5.57e-69	267.0	99.333	100	172259	150	1.0	0	55.74%	96021.00	Col440I_1_pld2
179_R	NZ_CP026175.1	1	204	59146	59349	9.25e-100	369.0	100.0	100	172259	204	1.0	0	55.74%	96021.00	Col440I_1_pld2
214	NZ_CP026175.1	1	140	82242	82381	1.38e-63	249.0	99.286	100	172259	140	1.0	0	55.74%	96021.00	Col440I_1_pld2
182	NZ_CP026175.1	1	192	82649	82840	2.81e-93	347.0	100.0	100	172259	192	1.0	0	55.74%	96021.00	Col440I_1_pld2
222_R	NZ_CP026175.1	1	135	82841	82975	1.61e-62	244.0	100.0	100	172259	135	1.0	0	55.74%	96021.00	Col440I_1_pld2
234	NZ_CP026175.1	1	124	83029	83152	1.34e-56	224.0	100.0	100	172259	124	1.0	0	55.74%	96021.00	Col440I_1_pld2
198	NZ_CP026175.1	1	160	99601	99760	5.3e-76	289.0	100.0	100	172259	160	1.0	0	55.74%	96021.00	Col440I_1_pld2
82_R	NZ_CP026175.1	498	3617	99994	103054	0.0	4829.0	94.311	72	172259	4304	0.724907063197026	0	55.74%	96021.00	Col440I_1_pld2
85_R	NZ_CP026175.1	1733	2920	102106	103293	0.0	1962.0	96.72	35	172259	3389	0.3505458837415167	0	55.74%	96021.00	Col440I_1_pld2
105	NZ_CP026175.1	1	1380	115813	117192	0.0	2489.0	100.0	100	172259	1380	1.0	0	55.74%	96021.00	Col440I_1_pld2
114_R	NZ_CP026175.1	1	898	117193	118090	0.0	1620.0	100.0	100	172259	898	1.0	0	55.74%	96021.00	Col440I_1_pld2
84	NZ_CP026175.1	1	3901	118091	121991	0.0	7013.0	99.872	100	172259	3901	1.0	0	55.74%	96021.00	Col440I_1_pld2
90	NZ_CP026175.1	1	2454	121992	124445	0.0	4426.0	100.0	100	172259	2454	1.0	0	55.74%	96021.00	Col440I_1_pld2
50_R	NZ_CP026175.1	213	22105	124600	146492	0.0	39473.0	99.991	99	172259	22105	0.990409409635829	0	55.74%	96021.00	Col440I_1_pld2
214	NZ_CP026175.1	1	140	146578	146717	3.25e-65	253.0	100.0	100	172259	140	1.0	0	55.74%	96021.00	Col440I_1_pld2
238	NZ_CP026175.1	1	106	147113	147218	6.41e-47	192.0	100.0	100	172259	106	1.0	0	55.74%	96021.00	Col440I_1_pld2
241	NZ_CP026175.1	1	103	147262	147364	2.62e-45	187.0	100.0	100	172259	103	1.0	0	55.74%	96021.00	Col440I_1_pld2
234	NZ_CP026175.1	1	124	147365	147488	6.969999999999998e-54	215.0	98.387	100	172259	124	1.0	0	55.74%	96021.00	Col440I_1_pld2
96	NZ_CP026175.1	1	1943	147489	149431	0.0	3505.0	100.0	100	172259	1943	1.0	0	55.74%	96021.00	Col440I_1_pld2
72	NZ_CP026175.1	2814	7935	161715	166845	0.0	8364.0	96.22	95	172259	8377	0.611436074967172	0	55.74%	96021.00	Col440I_1_pld2
231	NZ_CP026175.1	1	125	166846	166970	3.89e-57	226.0	100.0	100	172259	125	1.0	0	55.74%	96021.00	Col440I_1_pld2
186	NZ_CP026175.1	1	185	166989	167173	1.7e-89	334.0	100.0	100	172259	185	1.0	0	55.74%	96021.00	Col440I_1_pld2
140_R	NZ_CP026175.1	1	478	167175	167652	0.0	863.0	100.0	100	172259	478	1.0	0	55.74%	96021.00	Col440I_1_pld2
159	NZ_CP026175.1	1	330	167712	168041	2.6999999999999998e-166	591.0	99.697	100	172259	330	1.0	0	55.74%	96021.00	Col440I_1_pld2
80	NZ_CP026175.1	1059	4473	168042	171456	0.0	6155.0	99.971	76	172259	4473	0.7634697071316789	0	55.74%	96021.00	Col440I_1_pld2
210	NZ_CP026175.1	1	144	171457	171600	2.2699999999999997e-67	260.0	100.0	100	172259	144	1.0	0	55.74%	96021.00	Col440I_1_pld2
193	NZ_CP026175.1	1	168	171601	171768	1.09e-78	299.0	99.405	100	172259	168	1.0	0	55.74%	96021.00	Col440I_1_pld2
198_R	NZ_CP026176.1	1	160	61	220	5.3e-76	289.0	100.0	100	18977	160	1.0	0	27.26%	5174.00	Col440I_1_pld2
85	NZ_CP026176.1	1	1793	221	2013	0.0	3230.0	99.944	53	18977	3389	0.5290646208321038	0	27.26%	5174.00	Col440I_1_pld2
198	NZ_CP026176.1	1	160	11634	11793	5.3e-76	289.0	100.0	100	18977	160	1.0	0	27.26%	5174.00	Col440I_1_pld2
82_R	NZ_CP026176.1	498	3617	12027	15087	0.0	4829.0	94.311	72	18977	4304	0.724907063197026	0	27.26%	5174.00	Col440I_1_pld2
85	NZ_CP026183.1	1098	2371	1	1274	0.0	2294.0	99.922	100	6974	3389	0.6996164060194747	0	36.29%	2531.00	Col440I_1_pld2
198_R	NZ_CP026183.1	1	160	5718	5877	5.3e-76	289.0	100.0	100	6974	160	1.0	0	36.29%	2531.00	Col440I_1_pld2
85	NZ_CP026183.1	1	1097	5878	6974	0.0	1970.0	99.818	100	6974	3389	0.6996164060194747	0	36.29%	2531.00	Col440I_1_pld2
85_R	NZ_CP026214.1	1019	3389	423	2793	0.0	4263.0	99.873	100	6974	3389	0.6996164060194747	0	36.29%	2531.00	Col440I_1_pld2
198	NZ_CP026214.1	1	160	2794	2953	5.3e-76	289.0	100.0	100	6974	160	1.0	0	36.29%	2531.00	Col440I_1_pld2
85_R	NZ_CP026393.1	1597	3389	768	2560	0.0	3230.0	99.944	53	6761	3389	0.5290646208321038	0	28.89%	1953.00	Col440I_1_pld2
198	NZ_CP026393.1	1	160	2561	2720	5.3e-76	289.0	100.0	100	6761	160	1.0	0	28.89%	1953.00	Col440I_1_pld2
85	NZ_CP029114.1	177	1607	391	1835	0.0	2046.0	91.494	42	3656	3389	0.4222484508704632	0	39.52%	1445.00	Col440I_1_pld2
85	NZ_CP030723.1	1543	3389	1	1847	0.0	3332.0	100.0	100	3549	3389	1.0	0	100.00%	3549.00	Col440I_1_pld2
198_R	NZ_CP030723.1	1	160	1848	2007	5.3e-76	289.0	100.0	100	3549	160	1.0	0	100.00%	3549.00	Col440I_1_pld2
85	NZ_CP030723.1	1	1542	2008	3549	0.0	2764.0	99.741	100	3549	3389	1.0	0	100.00%	3549.00	Col440I_1_pld2
85	NZ_CP030730.1	1543	3389	1	1847	0.0	3332.0	100.0	100	3549	3389	1.0	0	100.00%	3549.00	Col440I_1_pld2
198_R	NZ_CP030730.1	1	160	1848	2007	5.3e-76	289.0	100.0	100	3549	160	1.0	0	100.00%	3549.00	Col440I_1_pld2
85	NZ_CP030730.1	1	1542	2008	3549	0.0	2764.0	99.741	100	3549	3389	1.0	0	100.00%	3549.00	Col440I_1_pld2
85	NZ_CP030738.1	1543	3389	1	1847	0.0	3332.0	100.0	100	3549	3389	1.0	0	100.00%	3549.00	Col440I_1_pld2
198_R	NZ_CP030738.1	1	160	1848	2007	5.3e-76	289.0	100.0	100	3549	160	1.0	0	100.00%	3549.00	Col440I_1_pld2
85	NZ_CP030738.1	1	1542	2008	3549	0.0	2764.0	99.741	100	3549	3389	1.0	0	100.00%	3549.00	Col440I_1_pld2
85	NZ_CP030746.1	1543	3389	1	1847	0.0	3332.0	100.0	100	3549	3389	1.0	0	100.00%	3549.00	Col440I_1_pld2
198_R	NZ_CP030746.1	1	160	1848	2007	5.3e-76	289.0	100.0	100	3549	160	1.0	0	100.00%	3549.00	Col440I_1_pld2
85	NZ_CP030746.1	1	1542	2008	3549	0.0	2764.0	99.741	100	3549	3389	1.0	0	100.00%	3549.00	Col440I_1_pld2
198_R	NZ_CP031819.1	1	160	2313	2472	5.3e-76	289.0	100.0	100	7044	160	1.0	0	33.96%	2392.00	Col440I_1_pld2
85	NZ_CP031819.1	1	2220	2473	4704	0.0	3147.0	91.399	66	7044	3389	0.6550604898200059	0	33.96%	2392.00	Col440I_1_pld2
85	NZ_CP031821.1	1740	3389	1	1650	0.0	2976.0	100.0	100	3549	3389	1.0	0	100.00%	3549.00	Col440I_1_pld2
198_R	NZ_CP031821.1	1	160	1651	1810	5.3e-76	289.0	100.0	100	3549	160	1.0	0	100.00%	3549.00	Col440I_1_pld2
85	NZ_CP031821.1	1	1739	1811	3549	0.0	3123.0	99.827	100	3549	3389	1.0	0	100.00%	3549.00	Col440I_1_pld2
198	NZ_CP033759.1	1	160	447	606	5.3e-76	289.0	100.0	100	3548	160	1.0	0	87.43%	3102.00	Col440I_1_pld2
85_R	NZ_CP033759.1	1	2943	607	3548	0.0	5165.0	98.947	87	3548	3389	0.8683977574505753	0	87.43%	3102.00	Col440I_1_pld2
198_R	NZ_CP034135.1	1	159	2226	2384	1.85e-75	288.0	100.0	99	3733	160	0.99375	0	40.40%	1508.00	Col440I_1_pld2
85	NZ_CP034135.1	1	1338	2385	3733	0.0	2166.0	95.784	39	3733	3389	0.3948067276482738	0	40.40%	1508.00	Col440I_1_pld2
198_R	NZ_CP034339.1	1	159	2226	2384	1.85e-75	288.0	100.0	99	3733	160	0.99375	0	40.40%	1508.00	Col440I_1_pld2
85	NZ_CP034339.1	1	1338	2385	3733	0.0	2143.0	95.414	39	3733	3389	0.3948067276482738	0	40.40%	1508.00	Col440I_1_pld2
198_R	NZ_CP034765.1	1	160	1546	1705	2.74e-73	280.0	98.75	100	2927	160	1.0	0	46.98%	1375.00	Col440I_1_pld2
85	NZ_CP034765.1	3	1206	1708	2922	0.0	1770.0	92.535	36	2927	3389	0.3552670404249041	0	46.98%	1375.00	Col440I_1_pld2
85_R	NZ_CP036182.1	1783	3213	1120	2564	0.0	2046.0	91.494	42	3684	3389	0.4222484508704632	0	39.22%	1445.00	Col440I_1_pld2
85_R	NZ_CP040860.1	607	2681	794	2878	0.0	3385.0	96.119	61	5840	3389	0.6122750073768073	0	47.16%	2754.00	Col440I_1_pld2
82_R	NZ_CP040860.1	2655	4123	1920	3387	0.0	2092.0	91.723	34	5840	4304	0.3413104089219331	0	47.16%	2754.00	Col440I_1_pld2
198	NZ_CP040860.1	1	160	3567	3726	1.98e-62	244.0	93.75	100	5840	160	1.0	0	47.16%	2754.00	Col440I_1_pld2
198	NZ_CP041252.1	1	160	744	903	2.25e-74	285.0	99.375	100	3336	160	1.0	0	62.23%	2076.00	Col440I_1_pld2
85_R	NZ_CP041252.1	731	2646	1421	3336	0.0	3268.0	97.968	57	3336	3389	0.5653585128356448	0	62.23%	2076.00	Col440I_1_pld2
85_R	NZ_CP048369.1	1783	3213	1103	2547	0.0	2046.0	91.494	42	3684	3389	0.4222484508704632	0	39.22%	1445.00	Col440I_1_pld2
85	NZ_CP048375.1	177	1607	1019	2463	0.0	2046.0	91.494	42	3684	3389	0.4222484508704632	0	39.22%	1445.00	Col440I_1_pld2
85	NZ_CP055314.1	2133	3389	1	1257	0.0	2268.0	100.0	92	3273	3389	0.9185600472115668	0	100.00%	3273.00	Col440I_1_pld2
198_R	NZ_CP055314.1	1	160	1258	1417	5.3e-76	289.0	100.0	100	3273	160	1.0	0	100.00%	3273.00	Col440I_1_pld2
85	NZ_CP055314.1	1	1856	1418	3273	0.0	3343.0	99.946	92	3273	3389	0.9185600472115668	0	100.00%	3273.00	Col440I_1_pld2
198_R	NZ_CP055320.1	1	160	1771	1930	5.3e-76	289.0	100.0	100	5783	160	1.0	0	41.36%	2392.00	Col440I_1_pld2
85	NZ_CP055320.1	1	2220	1931	4162	0.0	3147.0	91.399	66	5783	3389	0.6550604898200059	0	41.36%	2392.00	Col440I_1_pld2
85_R	NZ_CP055323.1	1733	3389	467	2124	0.0	2643.0	95.556	49	3906	3389	0.4889347890233107	0	46.54%	1818.00	Col440I_1_pld2
198	NZ_CP055323.1	1	160	2125	2284	5.3e-76	289.0	100.0	100	3906	160	1.0	0	46.54%	1818.00	Col440I_1_pld2
198_R	NZ_CP056144.1	1	160	1477	1636	2.25e-74	285.0	99.375	100	3258	160	1.0	0	54.11%	1763.00	Col440I_1_pld2
85	NZ_CP056144.1	1	1608	1637	3239	0.0	2352.0	92.497	47	3258	3389	0.4744762466804367	0	54.11%	1763.00	Col440I_1_pld2
198_R	NZ_CP056196.1	1	160	1361	1520	5.3e-76	289.0	100.0	100	5783	160	1.0	0	41.36%	2392.00	Col440I_1_pld2
85	NZ_CP056196.1	1	2220	1521	3752	0.0	3147.0	91.399	66	5783	3389	0.6550604898200059	0	41.36%	2392.00	Col440I_1_pld2
85_R	NZ_CP056376.1	2272	3389	1	1129	0.0	1762.0	94.779	33	5783	3389	0.3298908232516966	0	22.29%	1289.00	Col440I_1_pld2
198	NZ_CP056376.1	1	160	1130	1289	5.3e-76	289.0	100.0	100	5783	160	1.0	0	22.29%	1289.00	Col440I_1_pld2
85_R	NZ_CP056387.1	1170	3389	87	2318	0.0	3147.0	91.399	66	5783	3389	0.6550604898200059	0	41.36%	2392.00	Col440I_1_pld2
198	NZ_CP056387.1	1	160	2319	2478	5.3e-76	289.0	100.0	100	5783	160	1.0	0	41.36%	2392.00	Col440I_1_pld2
85_R	NZ_CP056429.1	1170	3389	797	3028	0.0	3147.0	91.399	66	5783	3389	0.6550604898200059	0	41.36%	2392.00	Col440I_1_pld2
198	NZ_CP056429.1	1	160	3029	3188	5.3e-76	289.0	100.0	100	5783	160	1.0	0	41.36%	2392.00	Col440I_1_pld2
198	NZ_CP056534.1	1	160	1198	1357	5.3e-76	289.0	100.0	100	6995	160	1.0	0	23.05%	1612.00	Col440I_1_pld2
85_R	NZ_CP056534.1	731	2182	5544	6995	0.0	2483.0	98.004	43	6995	3389	0.4284449690174092	0	23.05%	1612.00	Col440I_1_pld2
85_R	NZ_CP056535.1	1170	3389	1781	4012	0.0	3147.0	91.399	66	5783	3389	0.6550604898200059	0	41.36%	2392.00	Col440I_1_pld2
198	NZ_CP056535.1	1	160	4013	4172	5.3e-76	289.0	100.0	100	5783	160	1.0	0	41.36%	2392.00	Col440I_1_pld2
85_R	NZ_CP056706.1	2189	3389	1	1200	0.0	2140.0	99.584	35	3258	3389	0.3543818235467689	0	41.74%	1360.00	Col440I_1_pld2
198	NZ_CP056706.1	1	160	1201	1360	2.25e-74	285.0	99.375	100	3258	160	1.0	0	41.74%	1360.00	Col440I_1_pld2
85	NZ_CP057462.1	471	1660	1	1198	0.0	1827.0	94.01	35	3959	3389	0.3511360283269401	0	30.26%	1198.00	Col440I_1_pld2
85_R	NZ_CP058122.1	2026	3389	1	1364	0.0	2456.0	99.927	40	6761	3389	0.4024786072587784	0	22.54%	1524.00	Col440I_1_pld2
198	NZ_CP058122.1	1	160	1365	1524	5.3e-76	289.0	100.0	100	6761	160	1.0	0	22.54%	1524.00	Col440I_1_pld2
85	NZ_CP059305.1	165	1660	1317	2820	0.0	2287.0	93.97	44	3958	3389	0.4414281498967247	0	38.00%	1504.00	Col440I_1_pld2
85_R	NZ_CP060871.1	1783	3213	1562	3006	0.0	2046.0	91.494	42	3684	3389	0.4222484508704632	0	39.22%	1445.00	Col440I_1_pld2
198	NZ_CP061403.1	1	160	307	466	5.3e-76	289.0	100.0	100	3549	160	1.0	0	91.38%	3243.00	Col440I_1_pld2
85_R	NZ_CP061403.1	1	3083	467	3549	0.0	5479.0	99.416	91	3549	3389	0.9097078784302154	0	91.38%	3243.00	Col440I_1_pld2
198_R	NZ_CP063001.1	1	160	1219	1378	5.3e-76	289.0	100.0	100	3336	160	1.0	0	63.49%	2118.00	Col440I_1_pld2
85	NZ_CP063001.1	1	1958	1379	3336	0.0	3532.0	100.0	58	3336	3389	0.5777515491295367	0	63.49%	2118.00	Col440I_1_pld2
85	NZ_CP063746.1	427	1609	1	1183	0.0	1660.0	91.421	35	3991	3389	0.3490705222779581	0	29.64%	1183.00	Col440I_1_pld2
198_R	NZ_CP065166.1	1	160	4275	4434	5.3e-76	289.0	100.0	100	5783	160	1.0	0	26.09%	1509.00	Col440I_1_pld2
85	NZ_CP065166.1	1	1338	4435	5783	0.0	2154.0	95.556	39	5783	3389	0.3948067276482738	0	26.09%	1509.00	Col440I_1_pld2
85_R	NZ_CP067258.1	1781	3049	2723	3991	0.0	1806.0	91.843	37	3991	3389	0.3744467394511655	0	31.80%	1269.00	Col440I_1_pld2
85_R	NZ_CP068141.1	1840	3371	14	1546	0.0	2083.0	90.362	45	3991	3389	0.4520507524343464	0	38.41%	1533.00	Col440I_1_pld2
85_R	NZ_CP069880.1	1652	3389	1	1738	0.0	3112.0	99.712	51	2107	3389	0.5128356447329596	0	90.08%	1898.00	Col440I_1_pld2
198	NZ_CP069880.1	1	160	1739	1898	5.3e-76	289.0	100.0	100	2107	160	1.0	0	90.08%	1898.00	Col440I_1_pld2
85	NZ_CP069881.1	1662	3257	1	1596	0.0	2879.0	100.0	47	1596	3389	0.4709353791678961	0	100.00%	1596.00	Col440I_1_pld2
85_R	NZ_CP070109.1	607	2681	1547	3631	0.0	3385.0	96.119	61	5840	3389	0.6122750073768073	0	47.16%	2754.00	Col440I_1_pld2
82_R	NZ_CP070109.1	2655	4123	2673	4140	0.0	2092.0	91.723	34	5840	4304	0.3413104089219331	0	47.16%	2754.00	Col440I_1_pld2
198	NZ_CP070109.1	1	160	4320	4479	1.98e-62	244.0	93.75	100	5840	160	1.0	0	47.16%	2754.00	Col440I_1_pld2
85_R	NZ_CP070145.1	731	3389	353	3011	0.0	4791.0	99.962	78	3336	3389	0.7845972263204485	0	84.50%	2819.00	Col440I_1_pld2
198	NZ_CP070145.1	1	160	3012	3171	5.3e-76	289.0	100.0	100	3336	160	1.0	0	84.50%	2819.00	Col440I_1_pld2
85_R	NZ_CP074188.1	1223	3389	1	2167	0.0	3891.0	99.815	64	13936	3389	0.6394216583062851	0	16.70%	2327.00	Col440I_1_pld2
198	NZ_CP074188.1	1	160	2168	2327	5.3e-76	289.0	100.0	100	13936	160	1.0	0	16.70%	2327.00	Col440I_1_pld2
85_R	NZ_CP079614.1	1781	3066	2706	3991	0.0	1837.0	91.95	38	3991	3389	0.3794629684272647	0	32.22%	1286.00	Col440I_1_pld2
85	NZ_CP082131.1	177	1607	744	2188	0.0	2046.0	91.494	42	3684	3389	0.4222484508704632	0	39.22%	1445.00	Col440I_1_pld2
198_R	NZ_CP083782.1	1	160	177	336	5.3e-76	289.0	100.0	100	3549	160	1.0	0	95.04%	3373.00	Col440I_1_pld2
85	NZ_CP083782.1	1	3213	337	3549	0.0	5781.0	99.907	95	3549	3389	0.9480672764827384	0	95.04%	3373.00	Col440I_1_pld2
85_R	NZ_CP083794.1	1170	3389	1206	3437	0.0	3147.0	91.399	66	5783	3389	0.6550604898200059	0	41.36%	2392.00	Col440I_1_pld2
198	NZ_CP083794.1	1	160	3438	3597	5.3e-76	289.0	100.0	100	5783	160	1.0	0	41.36%	2392.00	Col440I_1_pld2
85_R	NZ_CP084801.1	28	3389	1	3347	0.0	5706.0	97.896	99	3534	3389	0.9920330480967836	0	99.24%	3507.00	Col440I_1_pld2
198	NZ_CP084801.1	1	160	3348	3507	5.3e-76	289.0	100.0	100	3534	160	1.0	0	99.24%	3507.00	Col440I_1_pld2
85_R	NZ_CP084816.1	1	3389	33	3421	0.0	6099.0	99.911	100	3549	3389	1.0	0	95.49%	3389.00	Col440I_1_pld2
198	NZ_CP084864.1	1	160	406	565	5.3e-76	289.0	100.0	100	3359	160	1.0	0	72.55%	2437.00	Col440I_1_pld2
85_R	NZ_CP084864.1	731	2984	1083	3359	0.0	3531.0	94.527	67	3359	3389	0.6650929477722042	0	72.55%	2437.00	Col440I_1_pld2
85_R	NZ_CP092905.1	1957	3387	1	1442	0.0	2159.0	93.278	42	2927	3389	0.4222484508704632	0	54.73%	1602.00	Col440I_1_pld2
198	NZ_CP092905.1	1	160	1445	1604	2.74e-73	280.0	98.75	100	2927	160	1.0	0	54.73%	1602.00	Col440I_1_pld2
85_R	NZ_CP092978.1	1783	3213	1899	3343	0.0	2046.0	91.494	42	3684	3389	0.4222484508704632	0	39.22%	1445.00	Col440I_1_pld2
198	NZ_CP093475.1	1	160	2989	3148	5.3e-76	289.0	100.0	100	7218	160	1.0	0	47.78%	3449.00	Col440I_1_pld2
85_R	NZ_CP093475.1	1	3289	3149	6437	0.0	5914.0	99.878	97	7218	3389	0.9704927707288286	0	47.78%	3449.00	Col440I_1_pld2
85	NZ_CP095565.1	165	1660	629	2132	0.0	2287.0	93.97	44	3944	3389	0.4414281498967247	0	38.13%	1504.00	Col440I_1_pld2
85	NZ_CP097195.1	19	1302	2702	3988	0.0	1751.0	90.37	38	3991	3389	0.3788728238418412	0	32.25%	1287.00	Col440I_1_pld2
85	NZ_CP097648.1	177	1692	422	1956	0.0	2071.0	90.245	45	3148	3389	0.447329595750959	0	48.76%	1535.00	Col440I_1_pld2
85_R	NZ_CP099253.1	1730	3224	449	1951	0.0	2269.0	93.63	44	3960	3389	0.441133077604013	0	37.95%	1503.00	Col440I_1_pld2
85_R	NZ_CP100514.1	2250	3389	3	1153	0.0	1765.0	94.184	34	6785	3389	0.3363824136913544	0	21.68%	1471.00	Col440I_1_pld2
198	NZ_CP100514.1	1	160	1154	1313	2.25e-74	285.0	99.375	100	6785	160	1.0	0	21.68%	1471.00	Col440I_1_pld2
198	NZ_CP100514.1	1	160	4743	4902	1.98e-62	244.0	93.75	100	6785	160	1.0	0	21.68%	1471.00	Col440I_1_pld2
198_R	NZ_CP100518.1	1	160	2126	2285	2.25e-74	285.0	99.375	100	3642	160	1.0	0	41.65%	1517.00	Col440I_1_pld2
85	NZ_CP100518.1	1	1346	2286	3642	0.0	2128.0	94.919	40	3642	3389	0.3971673059899675	0	41.65%	1517.00	Col440I_1_pld2
198_R	NZ_CP101559.1	1	159	940	1098	2.57e-67	260.0	96.226	99	3043	160	0.99375	0	57.74%	1757.00	Col440I_1_pld2
85	NZ_CP101559.1	19	1604	1118	2715	0.0	2161.0	90.311	47	3043	3389	0.467984656240779	0	57.74%	1757.00	Col440I_1_pld2
85	NZ_CP104201.1	19	1279	2727	3991	0.0	1727.0	90.431	37	3991	3389	0.3720861611094718	0	31.70%	1265.00	Col440I_1_pld2
198_R	NZ_CP104457.1	1	160	8336	8495	5.3e-76	289.0	100.0	100	9838	160	1.0	0	15.28%	1503.00	Col440I_1_pld2
85	NZ_CP104457.1	1	1343	8496	9838	0.0	2423.0	100.0	40	9838	3389	0.3962820891118324	0	15.28%	1503.00	Col440I_1_pld2
198_R	NZ_CP104612.1	1	160	175	334	2.74e-73	280.0	98.75	100	2817	160	1.0	0	64.86%	1827.00	Col440I_1_pld2
85	NZ_CP104612.1	3	1655	337	2003	0.0	2277.0	90.632	49	2817	3389	0.4877544998524638	0	64.86%	1827.00	Col440I_1_pld2
85	NZ_CP110121.1	177	1398	2464	3684	0.0	1948.0	95.417	36	3684	3389	0.3605783416937149	0	33.14%	1221.00	Col440I_1_pld2
198_R	NZ_CP115686.1	1	160	121	280	5.3e-76	289.0	100.0	100	3549	160	1.0	0	96.62%	3429.00	Col440I_1_pld2
85	NZ_CP115686.1	1	3269	281	3549	0.0	5887.0	99.939	96	3549	3389	0.9645913248745944	0	96.62%	3429.00	Col440I_1_pld2
85_R	NZ_CP118905.1	1212	3389	1	2178	0.0	3929.0	100.0	64	3681	3389	0.6426674535261139	0	63.52%	2338.00	Col440I_1_pld2
198	NZ_CP118905.1	1	160	2179	2338	5.3e-76	289.0	100.0	100	3681	160	1.0	0	63.52%	2338.00	Col440I_1_pld2
85_R	NZ_CP133457.1	1783	3213	1415	2859	0.0	2046.0	91.494	42	3660	3389	0.4222484508704632	0	39.48%	1445.00	Col440I_1_pld2
85_R	NZ_CP134008.1	1782	3389	1247	2849	0.0	2352.0	92.497	47	3259	3389	0.4744762466804367	0	54.10%	1763.00	Col440I_1_pld2
198	NZ_CP134008.1	1	160	2850	3009	2.25e-74	285.0	99.375	100	3259	160	1.0	0	54.10%	1763.00	Col440I_1_pld2
188	NZ_CP137420.1	1	183	38929	39111	2.04e-88	331.0	100.0	100	143654	183	1.0	0	1.47%	2115.00	Col440I_1_pld2
242	NZ_CP137420.1	1	102	39113	39214	9.01e-45	185.0	100.0	100	143654	102	1.0	0	1.47%	2115.00	Col440I_1_pld2
160_R	NZ_CP137420.1	1	328	39351	39678	3.2599999999999997e-165	588.0	99.695	100	143654	328	1.0	0	1.47%	2115.00	Col440I_1_pld2
85_R	NZ_CP137420.1	607	2108	75182	76683	0.0	2682.0	99.601	44	143654	3389	0.4431985836529949	0	1.47%	2115.00	Col440I_1_pld2
85_R	NZ_CP137439.1	1071	2681	1	1623	0.0	2626.0	96.059	48	7582	3389	0.4753614635585718	0	27.99%	2122.00	Col440I_1_pld2
82_R	NZ_CP137439.1	2655	4118	663	2122	0.0	2026.0	90.952	34	7582	4304	0.3401486988847583	0	27.99%	2122.00	Col440I_1_pld2
198_R	NZ_CP142980.1	1	160	570	729	5.3e-76	289.0	100.0	100	2881	160	1.0	0	63.66%	1834.00	Col440I_1_pld2
85	NZ_CP142980.1	1	1650	730	2403	0.0	2636.0	95.113	49	2881	3389	0.4868692829743287	0	63.66%	1834.00	Col440I_1_pld2
85_R	NZ_CP143284.1	2151	3389	1	1239	0.0	2199.0	99.354	37	4163	3389	0.3655945706698141	0	94.40%	3930.00	Col440I_1_pld2
198	NZ_CP143284.1	1	160	1240	1399	5.3e-76	289.0	100.0	100	4163	160	1.0	0	94.40%	3930.00	Col440I_1_pld2
82_R	NZ_CP143284.1	498	3075	1633	4163	0.0	4165.0	95.664	60	4163	4304	0.5989776951672863	0	94.40%	3930.00	Col440I_1_pld2
198	NZ_CP144706.1	1	160	1231	1390	1.98e-62	244.0	93.75	100	5840	160	1.0	0	29.16%	1703.00	Col440I_1_pld2
85_R	NZ_CP144706.1	607	2150	4298	5840	0.0	2637.0	97.927	46	5840	3389	0.4555916199468869	0	29.16%	1703.00	Col440I_1_pld2
85_R	NZ_CP147634.1	590	3389	1	2800	0.0	5050.0	100.0	83	3549	3389	0.8262024195928003	0	83.40%	2960.00	Col440I_1_pld2
198	NZ_CP147634.1	1	160	2801	2960	5.3e-76	289.0	100.0	100	3549	160	1.0	0	83.40%	2960.00	Col440I_1_pld2
85_R	NZ_CP147640.1	590	3389	1	2800	0.0	5050.0	100.0	83	3549	3389	0.8262024195928003	0	83.40%	2960.00	Col440I_1_pld2
198	NZ_CP147640.1	1	160	2801	2960	5.3e-76	289.0	100.0	100	3549	160	1.0	0	83.40%	2960.00	Col440I_1_pld2
85	NZ_LC505603.1	1658	3389	1	1732	0.0	3124.0	100.0	100	3549	3389	1.0	0	100.00%	3549.00	Col440I_1_pld2
198_R	NZ_LC505603.1	1	160	1733	1892	5.3e-76	289.0	100.0	100	3549	160	1.0	0	100.00%	3549.00	Col440I_1_pld2
85	NZ_LC505603.1	1	1657	1893	3549	0.0	2971.0	99.759	100	3549	3389	1.0	0	100.00%	3549.00	Col440I_1_pld2
105_R	NZ_LC589061.1	1	1380	904	2283	0.0	2489.0	100.0	100	31970	1380	1.0	0	14.35%	4589.00	Col440I_1_pld2
105_R	NZ_LC589061.1	1	1380	7789	9168	0.0	2489.0	100.0	100	31970	1380	1.0	0	14.35%	4589.00	Col440I_1_pld2
198_R	NZ_LC589061.1	1	160	9397	9556	2.74e-73	280.0	98.75	100	31970	160	1.0	0	14.35%	4589.00	Col440I_1_pld2
85	NZ_LC589061.1	3	1657	9559	11227	0.0	2276.0	90.584	49	31970	3389	0.4883446444378873	0	14.35%	4589.00	Col440I_1_pld2
85_R	NZ_LC589062.1	1727	3389	14687	16349	0.0	2995.0	99.94	78	18031	3389	0.490705222779581	0	10.11%	1823.00	Col440I_1_pld2
198	NZ_LC589062.1	1	160	16350	16509	5.3e-76	289.0	100.0	100	18031	160	1.0	0	10.11%	1823.00	Col440I_1_pld2
85	NZ_LR890212.1	1148	2661	1	1514	0.0	2727.0	99.934	79	3681	3389	0.7851873709058719	0	76.64%	2821.00	Col440I_1_pld2
198_R	NZ_LR890212.1	1	160	2375	2534	5.3e-76	289.0	100.0	100	3681	160	1.0	0	76.64%	2821.00	Col440I_1_pld2
85	NZ_LR890212.1	1	1147	2535	3681	0.0	2069.0	100.0	79	3681	3389	0.7851873709058719	0	76.64%	2821.00	Col440I_1_pld2
85_R	NZ_LR890366.1	1893	3389	1	1497	0.0	2691.0	99.866	100	3549	3389	1.0	0	100.00%	3549.00	Col440I_1_pld2
198	NZ_LR890366.1	1	160	1498	1657	5.3e-76	289.0	100.0	100	3549	160	1.0	0	100.00%	3549.00	Col440I_1_pld2
85_R	NZ_LR890366.1	1	1892	1658	3549	0.0	3404.0	99.894	100	3549	3389	1.0	0	100.00%	3549.00	Col440I_1_pld2
85_R	NZ_LR890418.1	1170	3389	2090	4321	0.0	3147.0	91.399	66	5783	3389	0.6550604898200059	0	41.36%	2392.00	Col440I_1_pld2
198	NZ_LR890418.1	1	160	4322	4481	5.3e-76	289.0	100.0	100	5783	160	1.0	0	41.36%	2392.00	Col440I_1_pld2
85	NZ_LR890495.1	1319	3389	1	2071	0.0	3663.0	99.227	100	3549	3389	1.0	0	100.00%	3549.00	Col440I_1_pld2
198_R	NZ_LR890495.1	1	160	2072	2231	5.3e-76	289.0	100.0	100	3549	160	1.0	0	100.00%	3549.00	Col440I_1_pld2
85	NZ_LR890495.1	1	1318	2232	3549	0.0	2373.0	99.924	100	3549	3389	1.0	0	100.00%	3549.00	Col440I_1_pld2
85_R	NZ_LR890682.1	1170	3389	1050	3281	0.0	3151.0	91.444	66	5783	3389	0.6550604898200059	0	41.36%	2392.00	Col440I_1_pld2
198	NZ_LR890682.1	1	160	3282	3441	5.3e-76	289.0	100.0	100	5783	160	1.0	0	41.36%	2392.00	Col440I_1_pld2
85_R	OW848924.1	1597	3389	3754	5546	0.0	3230.0	99.944	53	6761	3389	0.5290646208321038	0	28.89%	1953.00	Col440I_1_pld2
198	OW848924.1	1	160	5547	5706	5.3e-76	289.0	100.0	100	6761	160	1.0	0	28.89%	1953.00	Col440I_1_pld2
85_R	OW848942.1	1597	3389	3754	5546	0.0	3230.0	99.944	53	6761	3389	0.5290646208321038	0	28.89%	1953.00	Col440I_1_pld2
198	OW848942.1	1	160	5547	5706	5.3e-76	289.0	100.0	100	6761	160	1.0	0	28.89%	1953.00	Col440I_1_pld2
85_R	OW848949.1	1597	3389	3754	5546	0.0	3230.0	99.944	53	6761	3389	0.5290646208321038	0	28.89%	1953.00	Col440I_1_pld2
198	OW848949.1	1	160	5547	5706	5.3e-76	289.0	100.0	100	6761	160	1.0	0	28.89%	1953.00	Col440I_1_pld2
85_R	OW849019.1	1597	3389	3754	5546	0.0	3230.0	99.944	53	6761	3389	0.5290646208321038	0	28.89%	1953.00	Col440I_1_pld2
198	OW849019.1	1	160	5547	5706	5.3e-76	289.0	100.0	100	6761	160	1.0	0	28.89%	1953.00	Col440I_1_pld2
85_R	OW849026.1	1597	3389	3754	5546	0.0	3230.0	99.944	53	6761	3389	0.5290646208321038	0	28.89%	1953.00	Col440I_1_pld2
198	OW849026.1	1	160	5547	5706	5.3e-76	289.0	100.0	100	6761	160	1.0	0	28.89%	1953.00	Col440I_1_pld2
198_R	OW849073.1	1	160	3720	3879	5.3e-76	289.0	100.0	100	6761	160	1.0	0	28.89%	1953.00	Col440I_1_pld2
85	OW849073.1	1	1793	3880	5672	0.0	3230.0	99.944	53	6761	3389	0.5290646208321038	0	28.89%	1953.00	Col440I_1_pld2
198_R	OW849121.1	1	160	1495	1654	2.74e-73	280.0	98.75	100	2927	160	1.0	0	48.89%	1431.00	Col440I_1_pld2
85	OW849121.1	3	1262	1657	2927	0.0	1862.0	92.706	37	2927	3389	0.3717910888167601	0	48.89%	1431.00	Col440I_1_pld2
85_R	OW849294.1	1729	3371	571	2217	0.0	2304.0	91.123	48	5379	3389	0.4848037769253467	0	33.56%	1805.00	Col440I_1_pld2
198	OW849294.1	2	160	2237	2394	6.9e-62	243.0	94.34	99	5379	160	0.99375	0	33.56%	1805.00	Col440I_1_pld2
85	OW849339.1	277	1609	1	1333	0.0	1890.0	91.71	39	3991	3389	0.3933313661847152	0	33.40%	1333.00	Col440I_1_pld2
85	OW967386.1	477	1660	1	1192	0.0	1820.0	94.064	35	3959	3389	0.3493655945706698	0	30.11%	1192.00	Col440I_1_pld2
85_R	OW968003.1	1597	3389	4572	6364	0.0	3230.0	99.944	53	6761	3389	0.5290646208321038	0	28.89%	1953.00	Col440I_1_pld2
198	OW968003.1	1	160	6365	6524	5.3e-76	289.0	100.0	100	6761	160	1.0	0	28.89%	1953.00	Col440I_1_pld2
85	OW968037.1	276	1609	1	1334	0.0	1892.0	91.716	39	3991	3389	0.3936264384774269	0	33.43%	1334.00	Col440I_1_pld2
85_R	OW968150.1	1597	3389	4572	6364	0.0	3230.0	99.944	53	6761	3389	0.5290646208321038	0	28.89%	1953.00	Col440I_1_pld2
198	OW968150.1	1	160	6365	6524	5.3e-76	289.0	100.0	100	6761	160	1.0	0	28.89%	1953.00	Col440I_1_pld2
85	OW968229.1	19	1548	6130	7660	0.0	2079.0	90.35	45	7660	3389	0.451460607848923	0	19.99%	1531.00	Col440I_1_pld2
85	OW968438.1	276	1609	1	1334	0.0	1892.0	91.716	39	3991	3389	0.3936264384774269	0	33.43%	1334.00	Col440I_1_pld2
85	OW968462.1	19	1371	2636	3991	0.0	1862.0	90.636	40	3991	3389	0.3992328120389495	0	33.98%	1356.00	Col440I_1_pld2
85_R	OW969759.1	1839	3371	31	1566	0.0	2202.0	91.845	45	5379	3389	0.4523458247270581	0	31.49%	1694.00	Col440I_1_pld2
198	OW969759.1	2	160	1586	1743	6.9e-62	243.0	94.34	99	5379	160	0.99375	0	31.49%	1694.00	Col440I_1_pld2
85_R	OW969833.1	1733	3387	136	1804	0.0	2271.0	90.524	49	2927	3389	0.4883446444378873	0	62.49%	1829.00	Col440I_1_pld2
198	OW969833.1	1	160	1807	1966	2.74e-73	280.0	98.75	100	2927	160	1.0	0	62.49%	1829.00	Col440I_1_pld2
85	OX030722.1	19	1364	2643	3991	0.0	1849.0	90.588	40	3991	3389	0.3971673059899675	0	33.80%	1349.00	Col440I_1_pld2
85	OX030753.1	19	1368	2639	3991	0.0	1856.0	90.616	40	3991	3389	0.3983475951608144	0	33.90%	1353.00	Col440I_1_pld2
