qseqid	sseqid	qstart	qend	sstart	send	evalue	bitscore	pident	qcovs	slen	qlen	q_perc_aligned	overlapped_bases	coverage_percentage	bases_covered	gene_name
22_R	AP026741.1	3483	30494	1	27013	0.0	49495.0	99.741	84	33093	32098	0.8415477599850458	0	81.63%	27013.00	IncX4_1_pld1
22	AP027810.1	1	13085	20229	33315	0.0	24133.0	99.954	41	33315	32098	0.4076577979936445	0	39.28%	13087.00	IncX4_1_pld1
22	AP027894.1	1	14312	19001	33315	0.0	26393.0	99.951	45	33315	32098	0.4458844787837248	0	42.97%	14315.00	IncX4_1_pld1
22_R	CP025875.1	15063	30494	17440	32863	0.0	27693.0	99.067	48	36521	32098	0.4807776185432114	0	42.23%	15424.00	IncX4_1_pld1
22_R	CP025925.1	15063	30494	20243	35666	0.0	27693.0	99.067	48	36521	32098	0.4807776185432114	0	42.23%	15424.00	IncX4_1_pld1
22_R	CP035775.1	13441	27663	3702	17890	0.0	24201.0	97.424	44	42640	32098	0.4431117203564085	0	33.28%	14189.00	IncX4_1_pld1
22	CP042607.1	1	17033	13854	30881	0.0	31239.0	99.777	53	34525	32098	0.5306561156458346	0	49.32%	17028.00	IncX4_1_pld1
22	CP042647.1	4988	17033	13570	25622	0.0	21968.0	99.577	38	35009	32098	0.3752881799489064	0	34.43%	12053.00	IncX4_1_pld1
22	CP052790.1	1	22128	2752	24884	0.0	40485.0	99.688	69	36667	32098	0.6893887469624276	0	60.36%	22133.00	IncX4_1_pld1
22	CP052800.1	4481	14469	25407	35379	0.0	16925.0	97.284	31	35379	32098	0.3112031902299209	0	28.19%	9973.00	IncX4_1_pld1
22	CP057161.1	15680	32098	1	16419	0.0	30249.0	99.921	97	35341	32098	0.9703719857935074	0	88.14%	31149.00	IncX4_1_pld1
22	CP057161.1	952	15679	20612	35341	0.0	27183.0	99.98	97	35341	32098	0.9703719857935074	0	88.14%	31149.00	IncX4_1_pld1
22	CP057529.1	1	11770	20676	32448	0.0	21084.0	98.998	37	32448	32098	0.3666895133653187	0	36.28%	11773.00	IncX4_1_pld1
22_R	CP057549.1	14669	24341	22777	32448	0.0	17512.0	99.349	30	32448	32098	0.3013583400834943	0	29.81%	9672.00	IncX4_1_pld1
22	CP057579.1	4433	17377	19518	32449	0.0	21588.0	96.793	40	32449	32098	0.4032961555237086	0	39.85%	12932.00	IncX4_1_pld1
22	CP057708.1	7865	18658	1	10794	0.0	19701.0	99.611	34	32676	32098	0.3362826344320518	0	33.03%	10794.00	IncX4_1_pld1
22_R	CP058085.1	15063	27618	22657	35178	0.0	20724.0	96.511	39	40213	32098	0.3911770203751012	0	31.14%	12522.00	IncX4_1_pld1
22_R	CP059928.1	8893	27618	14525	33236	0.0	32939.0	98.432	58	35368	32098	0.5834008349429871	0	52.91%	18712.00	IncX4_1_pld1
22	CP063721.1	1	23206	2801	26011	0.0	42714.0	99.888	72	31764	32098	0.7229733939809334	0	73.07%	23211.00	IncX4_1_pld1
22	CP073616.1	4433	17033	12296	24885	0.0	21148.0	96.985	39	63779	32098	0.3925789768832949	0	39.47%	25176.00	IncX4_1_pld1
22	CP073616.1	4433	17033	44194	56779	0.0	21272.0	97.165	39	63779	32098	0.3925789768832949	0	39.47%	25176.00	IncX4_1_pld1
22_R	CP077665.1	15063	32098	15050	32086	0.0	31388.0	99.924	53	33309	32098	0.5307495794130476	0	51.15%	17037.00	IncX4_1_pld1
22	CP082578.1	1	22132	2667	24803	0.0	40680.0	99.842	69	31254	32098	0.6895133653187114	0	70.83%	22137.00	IncX4_1_pld1
22	CP088715.1	5443	17033	1	11591	0.0	21200.0	99.681	36	32659	32098	0.3611128419216151	0	35.49%	11591.00	IncX4_1_pld1
22	CP088731.1	1441	17049	5691	21301	0.0	27669.0	98.662	49	33808	32098	0.4862919808087731	0	46.18%	15611.00	IncX4_1_pld1
22	CP090286.1	1	17033	16096	33129	0.0	31416.0	99.959	53	34645	32098	0.5306561156458346	0	49.17%	17034.00	IncX4_1_pld1
22_R	CP092291.1	21875	32098	1	10225	0.0	18853.0	99.951	32	33296	32098	0.3185245186615988	0	30.71%	10225.00	IncX4_1_pld1
22	CP092296.1	1	17033	5717	22750	0.0	31416.0	99.959	53	33304	32098	0.5306561156458346	0	51.15%	17034.00	IncX4_1_pld1
22	CP092300.1	1	17033	1678	18711	0.0	31416.0	99.959	53	33304	32098	0.5306561156458346	0	51.15%	17034.00	IncX4_1_pld1
22	CP092303.1	1	17033	7651	24684	0.0	31416.0	99.959	53	44578	32098	0.5306561156458346	0	38.21%	17034.00	IncX4_1_pld1
22_R	CP092305.1	15063	32098	2104	19140	0.0	31416.0	99.953	53	33300	32098	0.5307495794130476	0	51.16%	17037.00	IncX4_1_pld1
22_R	CP092309.1	15063	32098	3052	20087	0.0	31410.0	99.947	53	33262	32098	0.5307495794130476	0	51.22%	17036.00	IncX4_1_pld1
22	CP092312.1	6590	17033	1	10446	0.0	19261.0	99.952	33	33292	32098	0.3253785282572123	0	31.38%	10446.00	IncX4_1_pld1
22	CP092316.1	1	17033	15470	32503	0.0	31416.0	99.959	53	33301	32098	0.5306561156458346	0	51.15%	17034.00	IncX4_1_pld1
22	CP092320.1	5329	17033	1	11705	0.0	21599.0	99.974	36	33287	32098	0.3646644650757056	0	35.16%	11705.00	IncX4_1_pld1
22	CP092324.1	5097	17033	1	11937	0.0	22027.0	99.975	37	33298	32098	0.3718923297401707	0	35.85%	11937.00	IncX4_1_pld1
22_R	CP092328.1	15660	32098	1	16439	0.0	30308.0	99.945	51	33286	32098	0.5121502897376784	0	49.39%	16439.00	IncX4_1_pld1
22	CP092330.1	1	11859	21428	33287	0.0	21872.0	99.958	37	33287	32098	0.3694622717926351	0	35.63%	11860.00	IncX4_1_pld1
22_R	CP099273.1	14709	27663	18205	31146	0.0	21612.0	96.804	40	32449	32098	0.4036077014144183	0	39.88%	12942.00	IncX4_1_pld1
22	CP100066.1	4433	23204	4435	23190	0.0	32230.0	97.675	58	62712	32098	0.5848339460402517	0	29.91%	18756.00	IncX4_1_pld1
22_R	CP119119.1	13441	24540	21842	32941	0.0	20210.0	99.532	35	32941	32098	0.3458159386877687	0	33.70%	11100.00	IncX4_1_pld1
22	CP122893.1	4433	22132	6516	24202	0.0	30352.0	97.637	55	36201	32098	0.5514362265561717	0	48.86%	17687.00	IncX4_1_pld1
22	CP134901.1	1605	17033	16452	31873	0.0	27693.0	99.073	48	33103	32098	0.4806841547759985	0	46.59%	15422.00	IncX4_1_pld1
22	CP134925.1	8415	18658	1	10244	0.0	18674.0	99.57	32	34186	32098	0.3191476104430182	0	29.97%	10244.00	IncX4_1_pld1
22_R	LC663732.1	9967	27666	4123	21790	0.0	29859.0	97.151	55	29615	32098	0.5514362265561717	0	59.66%	17668.00	IncX4_1_pld1
22	NC_010657.1	1605	17033	15779	31200	0.0	27682.0	99.06	48	33103	32098	0.4806841547759985	0	46.59%	15422.00	IncX4_1_pld1
22	NC_019128.1	4433	18658	19556	33765	0.0	24539.0	97.825	44	33765	32098	0.4432051841236214	0	42.08%	14210.00	IncX4_1_pld1
22	NC_019129.1	4433	17390	18447	31390	0.0	21606.0	96.789	40	32447	32098	0.4037011651816312	0	39.89%	12944.00	IncX4_1_pld1
22	NC_019130.1	4433	18658	19554	33763	0.0	24528.0	97.811	44	33763	32098	0.4432051841236214	0	42.09%	14210.00	IncX4_1_pld1
22_R	NC_021079.1	15063	30494	22514	37935	0.0	27669.0	99.041	48	41919	32098	0.4807776185432114	0	36.79%	15422.00	IncX4_1_pld1
22_R	NC_021841.1	8893	24600	19603	35296	0.0	27510.0	98.297	49	35297	32098	0.4893762851267992	0	44.46%	15694.00	IncX4_1_pld1
22_R	NC_022105.1	2517	31147	1	28633	0.0	52791.0	99.948	89	35341	32098	0.8919870396909465	0	81.02%	28633.00	IncX4_1_pld1
22_R	NZ_AP018411.1	15063	32098	12792	29828	0.0	31416.0	99.953	53	33310	32098	0.5307495794130476	0	51.15%	17037.00	IncX4_1_pld1
22	NZ_AP023229.1	1	10810	21638	32452	0.0	18980.0	98.356	34	32452	32098	0.3367811078571873	0	33.33%	10815.00	IncX4_1_pld1
22	NZ_AP025680.1	1441	17033	1003	16597	0.0	27739.0	98.776	49	32967	32098	0.4857935073836376	0	47.30%	15595.00	IncX4_1_pld1
22_R	NZ_AP026791.1	15063	27666	10244	22813	0.0	21128.0	96.975	39	30638	32098	0.3926724406505078	0	41.03%	12570.00	IncX4_1_pld1
22_R	NZ_AP026797.1	15063	27666	10244	22813	0.0	21128.0	96.975	39	30638	32098	0.3926724406505078	0	41.03%	12570.00	IncX4_1_pld1
22_R	NZ_AP027514.1	9542	32098	1	22561	0.0	41537.0	99.902	70	36340	32098	0.7027540656738738	0	62.08%	22561.00	IncX4_1_pld1
22_R	NZ_AP027558.1	15063	31346	2216	18505	0.0	28354.0	98.092	51	30296	32098	0.507321328431678	0	53.77%	16290.00	IncX4_1_pld1
22_R	NZ_AP027566.1	15063	31346	2216	18505	0.0	28326.0	98.062	51	30296	32098	0.507321328431678	0	53.77%	16290.00	IncX4_1_pld1
22_R	NZ_AP027581.1	14308	32098	1	17794	0.0	32812.0	99.955	55	31253	32098	0.55427129416163	0	56.94%	17794.00	IncX4_1_pld1
22	NZ_AP027777.1	4171	17033	1	12862	0.0	23713.0	99.946	40	33303	32098	0.400741479219889	0	38.62%	12862.00	IncX4_1_pld1
22_R	NZ_AP027817.1	15063	32098	3766	20802	0.0	31416.0	99.953	53	33309	32098	0.5307495794130476	0	51.15%	17037.00	IncX4_1_pld1
22_R	NZ_AP027858.1	19380	32098	1	12720	0.0	23460.0	99.961	40	33309	32098	0.3962552183936694	0	38.19%	12720.00	IncX4_1_pld1
22_R	NZ_AP027955.1	15063	32098	12791	29827	0.0	31410.0	99.947	53	33309	32098	0.5307495794130476	0	51.15%	17037.00	IncX4_1_pld1
22_R	NZ_AP027959.1	15063	32098	12790	29826	0.0	31416.0	99.953	53	33308	32098	0.5307495794130476	0	51.15%	17037.00	IncX4_1_pld1
22_R	NZ_AP027962.1	15063	32098	12791	29827	0.0	31416.0	99.953	53	33309	32098	0.5307495794130476	0	51.15%	17037.00	IncX4_1_pld1
22_R	NZ_AP027975.1	15063	32098	12791	29827	0.0	31416.0	99.953	53	33309	32098	0.5307495794130476	0	51.15%	17037.00	IncX4_1_pld1
22_R	NZ_AP027982.1	15063	32098	12791	29827	0.0	31416.0	99.953	53	33309	32098	0.5307495794130476	0	51.15%	17037.00	IncX4_1_pld1
22	NZ_CP011290.1	22172	32098	1	9927	0.0	18332.0	100.0	100	32098	32098	1.0	0	100.00%	32098.00	IncX4_1_pld1
22	NZ_CP011290.1	1	22171	9928	32098	0.0	40943.0	100.0	100	32098	32098	1.0	0	100.00%	32098.00	IncX4_1_pld1
22	NZ_CP011293.1	22172	32098	1	9927	0.0	18332.0	100.0	100	32098	32098	1.0	0	100.00%	32098.00	IncX4_1_pld1
22	NZ_CP011293.1	1	22171	9928	32098	0.0	40943.0	100.0	100	32098	32098	1.0	0	100.00%	32098.00	IncX4_1_pld1
22	NZ_CP016550.1	1	17033	20697	37730	0.0	31416.0	99.959	53	49695	32098	0.5306561156458346	0	34.28%	17034.00	IncX4_1_pld1
22	NZ_CP018950.1	4433	23204	5355	24110	0.0	32219.0	97.664	58	35225	32098	0.5848339460402517	0	53.25%	18756.00	IncX4_1_pld1
22_R	NZ_CP019016.1	14707	27618	21903	34801	0.0	21488.0	96.731	40	37756	32098	0.4022680540843666	0	34.16%	12899.00	IncX4_1_pld1
22_R	NZ_CP019072.1	9967	32098	8243	30375	0.0	40599.0	99.779	69	33858	32098	0.6895133653187114	0	65.37%	22133.00	IncX4_1_pld1
22	NZ_CP019908.1	1	17033	7519	24552	0.0	31416.0	99.959	53	33304	32098	0.5306561156458346	0	51.15%	17034.00	IncX4_1_pld1
22	NZ_CP020376.1	1	17033	44	17077	0.0	31416.0	99.959	53	31224	32098	0.5306561156458346	0	54.55%	17034.00	IncX4_1_pld1
22	NZ_CP021418.1	1	17033	128	17161	0.0	31416.0	99.959	53	31224	32098	0.5306561156458346	0	54.55%	17034.00	IncX4_1_pld1
22	NZ_CP021419.1	1	17033	2124	19157	0.0	31416.0	99.959	53	33304	32098	0.5306561156458346	0	51.15%	17034.00	IncX4_1_pld1
22_R	NZ_CP021735.1	17892	32098	1	14210	0.0	26216.0	99.972	44	31765	32098	0.4426132469312729	0	44.73%	14210.00	IncX4_1_pld1
22_R	NZ_CP023373.1	13441	32098	9222	27882	0.0	34241.0	99.791	58	31364	32098	0.5812823228861611	0	59.50%	18661.00	IncX4_1_pld1
22_R	NZ_CP023380.1	15063	30494	22007	37430	0.0	27687.0	99.061	48	43592	32098	0.4807776185432114	0	35.38%	15424.00	IncX4_1_pld1
22	NZ_CP023829.1	1605	17033	15779	31200	0.0	27693.0	99.073	48	33067	32098	0.4806841547759985	0	46.64%	15422.00	IncX4_1_pld1
22	NZ_CP023836.1	1605	17033	15779	31200	0.0	27693.0	99.073	48	33067	32098	0.4806841547759985	0	46.64%	15422.00	IncX4_1_pld1
22	NZ_CP023846.1	1605	17033	15779	31200	0.0	27693.0	99.073	48	33067	32098	0.4806841547759985	0	46.64%	15422.00	IncX4_1_pld1
22_R	NZ_CP023905.1	8895	27666	11930	30685	0.0	32230.0	97.675	58	35225	32098	0.5848339460402517	0	53.25%	18756.00	IncX4_1_pld1
22_R	NZ_CP024041.1	9967	32098	9059	31193	0.0	40612.0	99.788	69	33858	32098	0.6895133653187114	0	65.38%	22135.00	IncX4_1_pld1
22	NZ_CP024132.1	1	17033	2111	19144	0.0	31410.0	99.953	53	35098	32098	0.5306561156458346	0	48.53%	17034.00	IncX4_1_pld1
22	NZ_CP024149.1	4476	17033	1	12558	0.0	23169.0	99.968	39	33301	32098	0.3912393295532432	0	37.71%	12558.00	IncX4_1_pld1
22	NZ_CP024462.1	1	22132	3476	25610	0.0	40612.0	99.788	69	33858	32098	0.6895133653187114	0	65.38%	22135.00	IncX4_1_pld1
22	NZ_CP024861.1	757	17033	14562	30833	0.0	29222.0	99.079	51	33548	32098	0.5071032463081812	0	48.50%	16272.00	IncX4_1_pld1
22	NZ_CP024919.1	1	16360	17498	33858	0.0	30167.0	99.951	51	33858	32098	0.5096890772010717	0	48.32%	16361.00	IncX4_1_pld1
22_R	NZ_CP025853.1	19159	30494	1	11328	0.0	20373.0	99.118	35	36521	32098	0.3531684217085176	0	31.02%	11328.00	IncX4_1_pld1
22	NZ_CP026728.1	1990	23165	1	21177	0.0	37898.0	98.971	66	33288	32098	0.659729578166864	0	63.62%	21177.00	IncX4_1_pld1
22_R	NZ_CP026769.1	15063	31342	6984	23258	0.0	29211.0	99.06	51	27054	32098	0.5071967100753941	0	60.16%	16275.00	IncX4_1_pld1
22_R	NZ_CP026942.1	8893	32098	5073	28282	0.0	42725.0	99.897	72	31764	32098	0.7229733939809334	0	73.07%	23210.00	IncX4_1_pld1
22_R	NZ_CP027257.1	15063	32098	13925	30961	0.0	31416.0	99.953	53	31229	32098	0.5307495794130476	0	54.56%	17037.00	IncX4_1_pld1
22	NZ_CP028167.1	1	17033	7921	24953	0.0	31410.0	99.953	53	33305	32098	0.5306561156458346	0	51.14%	17033.00	IncX4_1_pld1
22_R	NZ_CP028174.1	15063	27755	20617	33310	0.0	23412.0	99.961	40	33310	32098	0.3954451990778241	0	38.11%	12694.00	IncX4_1_pld1
22_R	NZ_CP028856.1	13884	31346	10697	28164	0.0	31045.0	98.753	54	31145	32098	0.5440525889463518	0	56.09%	17468.00	IncX4_1_pld1
22_R	NZ_CP029728.1	16743	32098	1	15358	0.0	28337.0	99.974	48	31764	32098	0.4784098697738176	0	48.35%	15358.00	IncX4_1_pld1
22_R	NZ_CP029976.1	15050	30655	12316	27923	0.0	27680.0	98.681	49	33826	32098	0.4861985170415602	0	46.14%	15608.00	IncX4_1_pld1
22_R	NZ_CP030157.1	9967	23682	15932	29589	0.0	22522.0	96.383	43	29589	32098	0.4273163436974266	0	46.16%	13658.00	IncX4_1_pld1
22_R	NZ_CP030795.1	15063	32098	2580	19616	0.0	31416.0	99.953	53	33304	32098	0.5307495794130476	0	51.16%	17037.00	IncX4_1_pld1
22	NZ_CP031616.1	1	18658	8930	27589	0.0	33626.0	99.196	58	36589	32098	0.5812823228861611	0	51.00%	18660.00	IncX4_1_pld1
22	NZ_CP032076.1	1	17033	396	17429	0.0	31410.0	99.953	53	33308	32098	0.5306561156458346	0	51.14%	17034.00	IncX4_1_pld1
22	NZ_CP033349.2	1	17033	2190	19223	0.0	31405.0	99.947	53	33309	32098	0.5306561156458346	0	51.14%	17034.00	IncX4_1_pld1
22	NZ_CP033357.1	1	17033	2258	19297	0.0	31388.0	99.924	53	33334	32098	0.5306561156458346	0	51.12%	17040.00	IncX4_1_pld1
22	NZ_CP033849.1	20700	32098	1	11399	0.0	20923.0	99.798	100	32101	32098	1.0	0	100.00%	32101.00	IncX4_1_pld1
22	NZ_CP033849.1	1	20699	11400	32101	0.0	37739.0	99.575	100	32101	32098	1.0	0	100.00%	32101.00	IncX4_1_pld1
22	NZ_CP033879.1	480	18658	1	18182	0.0	32570.0	99.005	57	31882	32098	0.5663592747211664	0	57.03%	18182.00	IncX4_1_pld1
22	NZ_CP034833.1	1	17033	3119	20152	0.0	31416.0	99.959	53	33303	32098	0.5306561156458346	0	51.15%	17034.00	IncX4_1_pld1
22	NZ_CP035754.1	5928	17049	1	11121	0.0	20005.0	99.137	35	33827	32098	0.34650133964733	0	32.88%	11121.00	IncX4_1_pld1
22_R	NZ_CP037906.1	15063	32098	5443	22479	0.0	31416.0	99.953	53	33301	32098	0.5307495794130476	0	51.16%	17037.00	IncX4_1_pld1
22_R	NZ_CP037911.1	15063	30494	94719	110142	0.0	27676.0	99.048	48	239511	32098	0.4807776185432114	0	6.44%	15424.00	IncX4_1_pld1
22	NZ_CP038181.1	5655	17033	1	11379	0.0	20991.0	99.965	35	33309	32098	0.3545080690385694	0	34.16%	11379.00	IncX4_1_pld1
22_R	NZ_CP040594.1	13441	26246	18381	31184	0.0	23442.0	99.711	40	31184	32098	0.3989656676428438	0	41.06%	12804.00	IncX4_1_pld1
22	NZ_CP040725.1	1	14556	17049	31607	0.0	26849.0	99.959	45	31607	32098	0.4534861985170416	0	46.06%	14559.00	IncX4_1_pld1
22_R	NZ_CP041105.1	14710	32098	1	17390	0.0	32068.0	99.954	54	31229	32098	0.5417471493551	0	55.69%	17390.00	IncX4_1_pld1
22	NZ_CP042970.1	1	17033	12404	29437	0.0	31410.0	99.953	53	33304	32098	0.5306561156458346	0	51.15%	17034.00	IncX4_1_pld1
22	NZ_CP044138.1	18714	29586	8951	19824	0.0	19409.0	98.888	64	34677	32098	0.6423141628761917	0	59.45%	20617.00	IncX4_1_pld1
22	NZ_CP044138.1	1605	11348	24935	34677	0.0	17621.0	99.313	64	34677	32098	0.6423141628761917	0	59.45%	20617.00	IncX4_1_pld1
22_R	NZ_CP044406.1	14709	27663	160	13101	0.0	21623.0	96.819	40	32448	32098	0.4036077014144183	0	39.89%	12942.00	IncX4_1_pld1
22_R	NZ_CP045460.1	15063	27755	20616	33309	0.0	23412.0	99.961	40	33309	32098	0.3954451990778241	0	38.11%	12694.00	IncX4_1_pld1
22_R	NZ_CP045764.1	8893	27663	1213	19969	0.0	33144.0	98.553	58	35297	32098	0.5848027914511807	0	53.14%	18757.00	IncX4_1_pld1
22	NZ_CP046418.1	1	9808	10904	20712	0.0	17802.0	99.429	31	34645	32098	0.3055642096080753	0	28.31%	9809.00	IncX4_1_pld1
22	NZ_CP047015.1	1	11295	35656	46955	0.0	19976.0	98.585	35	46955	32098	0.3518910835566078	0	24.07%	11300.00	IncX4_1_pld1
22	NZ_CP047058.1	4481	17033	23859	36395	0.0	21294.0	97.313	39	45203	32098	0.3910835566078883	0	27.73%	12537.00	IncX4_1_pld1
22_R	NZ_CP047664.1	15063	29134	19237	33309	0.0	25942.0	99.943	44	33309	32098	0.438407377406692	0	42.25%	14073.00	IncX4_1_pld1
22_R	NZ_CP048333.1	2476	32098	1	29627	0.0	54602.0	99.936	92	32102	32098	0.9228923920493488	0	92.29%	29627.00	IncX4_1_pld1
22	NZ_CP048826.1	1	17033	5716	22749	0.0	31416.0	99.959	53	33309	32098	0.5306561156458346	0	51.14%	17034.00	IncX4_1_pld1
22	NZ_CP049122.1	1	22132	1	22135	0.0	40607.0	99.783	69	33858	32098	0.6895133653187114	0	65.38%	22135.00	IncX4_1_pld1
22_R	NZ_CP053212.1	15063	28157	20213	33308	0.0	24149.0	99.954	41	33308	32098	0.4079693438843542	0	39.32%	13096.00	IncX4_1_pld1
22	NZ_CP059127.1	757	23546	9733	32524	0.0	41955.0	99.895	71	32524	32098	0.7100130849274098	0	70.08%	22792.00	IncX4_1_pld1
22_R	NZ_CP059291.1	19380	32098	1	12720	0.0	23455.0	99.953	40	33309	32098	0.3962552183936694	0	38.19%	12720.00	IncX4_1_pld1
22	NZ_CP060524.1	1	17033	5719	22752	0.0	31410.0	99.953	53	33310	32098	0.5306561156458346	0	51.14%	17034.00	IncX4_1_pld1
22_R	NZ_CP060967.1	19378	32098	1	12721	0.0	23459.0	99.953	40	33308	32098	0.3963175275718113	0	38.19%	12721.00	IncX4_1_pld1
22	NZ_CP060977.1	1	22132	5366	27500	0.0	40607.0	99.783	69	31251	32098	0.6895133653187114	0	70.83%	22135.00	IncX4_1_pld1
22	NZ_CP060983.1	4433	23204	10496	29251	0.0	32225.0	97.67	58	35307	32098	0.5848339460402517	0	53.12%	18756.00	IncX4_1_pld1
22_R	NZ_CP061279.1	15063	29131	19241	33310	0.0	25942.0	99.95	44	33310	32098	0.4383139136394791	0	42.24%	14070.00	IncX4_1_pld1
22	NZ_CP062215.1	1605	17033	1429	16849	0.0	27676.0	99.054	48	44671	32098	0.4806841547759985	0	34.52%	15421.00	IncX4_1_pld1
22	NZ_CP063335.1	1	20543	13308	33851	0.0	37776.0	99.859	64	33851	32098	0.6400087232849399	0	60.69%	20544.00	IncX4_1_pld1
22	NZ_CP063489.1	1	16635	16674	33309	0.0	30675.0	99.952	52	33309	32098	0.5182565891955885	0	49.94%	16636.00	IncX4_1_pld1
22	NZ_CP064007.1	1	22132	1	22135	0.0	40612.0	99.788	69	39574	32098	0.6895133653187114	0	55.93%	22135.00	IncX4_1_pld1
22_R	NZ_CP064009.1	9967	32098	9249	31383	0.0	40612.0	99.788	69	33858	32098	0.6895133653187114	0	65.38%	22135.00	IncX4_1_pld1
22	NZ_CP064013.1	1	17033	1	17034	0.0	31416.0	99.959	53	33309	32098	0.5306561156458346	0	51.14%	17034.00	IncX4_1_pld1
22_R	NZ_CP064014.1	9967	32098	9249	31383	0.0	40612.0	99.788	69	33858	32098	0.6895133653187114	0	65.38%	22135.00	IncX4_1_pld1
22	NZ_CP064021.1	1	22132	1	22135	0.0	40612.0	99.788	69	33858	32098	0.6895133653187114	0	65.38%	22135.00	IncX4_1_pld1
22_R	NZ_CP064023.1	9967	32098	9249	31383	0.0	40612.0	99.788	69	33858	32098	0.6895133653187114	0	65.38%	22135.00	IncX4_1_pld1
22	NZ_CP065064.1	4211	17033	1	12824	0.0	23647.0	99.953	40	33309	32098	0.3994952956570503	0	38.50%	12824.00	IncX4_1_pld1
22_R	NZ_CP069135.1	8895	27666	10520	29275	0.0	32230.0	97.675	58	37672	32098	0.5848339460402517	0	49.79%	18756.00	IncX4_1_pld1
22_R	NZ_CP069136.1	8895	27666	10520	29275	0.0	32230.0	97.675	58	37672	32098	0.5848339460402517	0	49.79%	18756.00	IncX4_1_pld1
22_R	NZ_CP069650.1	15063	32098	10741	27773	0.0	31384.0	99.924	53	33290	32098	0.5307495794130476	0	51.17%	17033.00	IncX4_1_pld1
22	NZ_CP069661.1	1	12114	21190	33303	0.0	22338.0	99.95	38	33303	32098	0.3774066920057324	0	36.38%	12114.00	IncX4_1_pld1
22	NZ_CP069669.1	1	12114	21190	33303	0.0	22338.0	99.95	38	33303	32098	0.3774066920057324	0	36.38%	12114.00	IncX4_1_pld1
22_R	NZ_CP069685.1	15063	32098	5445	22480	0.0	31405.0	99.941	53	33303	32098	0.5307495794130476	0	51.15%	17036.00	IncX4_1_pld1
22	NZ_CP069716.1	4042	17033	1	12993	0.0	23965.0	99.962	40	33309	32098	0.4047604212100442	0	39.01%	12993.00	IncX4_1_pld1
22_R	NZ_CP069981.1	15063	26626	3768	15322	0.0	20737.0	99.049	36	34441	32098	0.3602716680166988	0	33.55%	11555.00	IncX4_1_pld1
22_R	NZ_CP070012.1	14707	27034	19036	31350	0.0	20460.0	96.649	38	32611	32098	0.38407377406692	0	37.76%	12315.00	IncX4_1_pld1
22	NZ_CP072316.1	3370	17033	1	13665	0.0	25200.0	99.956	43	33308	32098	0.4256963050657362	0	41.03%	13665.00	IncX4_1_pld1
22	NZ_CP075733.1	1	22132	1	22135	0.0	40612.0	99.788	69	33858	32098	0.6895133653187114	0	65.38%	22135.00	IncX4_1_pld1
22	NZ_CP077663.1	1	17033	1707	18740	0.0	31399.0	99.941	53	33308	32098	0.5306561156458346	0	51.14%	17034.00	IncX4_1_pld1
22	NZ_CP079775.1	1	13867	19720	33587	0.0	25580.0	99.964	43	33587	32098	0.4320206866471431	0	41.29%	13868.00	IncX4_1_pld1
22_R	NZ_CP079779.1	9967	23362	24422	37819	0.0	24496.0	99.672	69	37819	32098	0.4173468751947162	0	35.43%	13398.00	IncX4_1_pld1
22_R	NZ_CP079887.1	15063	30284	31172	46394	0.0	28066.0	99.947	47	46394	32098	0.4742351548383077	0	32.81%	15223.00	IncX4_1_pld1
22_R	NZ_CP080094.1	15063	32098	1468	18504	0.0	31410.0	99.947	53	33310	32098	0.5307495794130476	0	51.15%	17037.00	IncX4_1_pld1
22_R	NZ_CP080307.1	14340	32098	1	17762	0.0	32764.0	99.966	55	31808	32098	0.5532743473113589	0	55.84%	17762.00	IncX4_1_pld1
22	NZ_CP080313.1	1	17028	14778	31808	0.0	31414.0	99.965	53	31808	32098	0.5305003427004797	0	53.54%	17031.00	IncX4_1_pld1
22	NZ_CP082060.1	4676	17033	1	12349	0.0	22175.0	99.069	71	33429	32098	0.7054022057449061	0	67.69%	22629.00	IncX4_1_pld1
22	NZ_CP082060.1	19303	29586	14973	25252	0.0	18633.0	99.378	71	33429	32098	0.7054022057449061	0	67.69%	22629.00	IncX4_1_pld1
22	NZ_CP082794.1	1	12614	22071	34685	0.0	23261.0	99.952	39	34685	32098	0.3929839865412175	0	36.37%	12615.00	IncX4_1_pld1
22	NZ_CP082830.1	4397	26897	1	22500	0.0	41107.0	99.644	70	32040	32098	0.7010094086858994	0	70.22%	22500.00	IncX4_1_pld1
22	NZ_CP083882.1	1470	23165	22960	44660	0.0	38767.0	98.917	68	50447	32098	0.6759299644837684	0	43.02%	21701.00	IncX4_1_pld1
22_R	NZ_CP086476.1	15050	30655	8664	24271	0.0	27447.0	98.412	49	33826	32098	0.4861985170415602	0	46.14%	15608.00	IncX4_1_pld1
22	NZ_CP086486.1	4364	17049	1	12685	0.0	22805.0	99.117	40	33826	32098	0.3952271169543274	0	37.50%	12685.00	IncX4_1_pld1
22	NZ_CP086496.1	4364	17049	1	12685	0.0	22805.0	99.117	40	33826	32098	0.3952271169543274	0	37.50%	12685.00	IncX4_1_pld1
22	NZ_CP086506.1	1441	14271	20993	33826	0.0	22755.0	98.676	40	33826	32098	0.399744532369618	0	37.94%	12834.00	IncX4_1_pld1
22	NZ_CP086516.1	1441	17049	16891	32501	0.0	27658.0	98.649	49	33826	32098	0.4862919808087731	0	46.15%	15611.00	IncX4_1_pld1
22_R	NZ_CP086529.1	15050	30655	122	15729	0.0	27686.0	98.687	49	34058	32098	0.4861985170415602	0	45.83%	15608.00	IncX4_1_pld1
22_R	NZ_CP086535.1	20798	30655	1	9861	0.0	17387.0	98.5	31	34058	32098	0.3071219390616237	0	28.95%	9861.00	IncX4_1_pld1
22	NZ_CP086541.1	1441	17049	3499	19109	0.0	27686.0	98.681	49	34058	32098	0.4862919808087731	0	45.84%	15611.00	IncX4_1_pld1
22	NZ_CP086547.1	1441	13842	21654	34058	0.0	21996.0	98.678	39	34058	32098	0.3863792136581718	0	36.42%	12405.00	IncX4_1_pld1
22	NZ_CP089138.1	1	17033	1	17034	0.0	31416.0	99.959	53	33309	32098	0.5306561156458346	0	51.14%	17034.00	IncX4_1_pld1
22	NZ_CP090574.1	1	17033	5716	22749	0.0	31416.0	99.959	53	33309	32098	0.5306561156458346	0	51.14%	17034.00	IncX4_1_pld1
22	NZ_CP097718.1	5655	17033	1	11363	0.0	18988.0	96.816	35	34980	32098	0.3545080690385694	0	32.48%	11363.00	IncX4_1_pld1
22_R	NZ_CP098836.1	9967	32098	9208	31342	0.0	40607.0	99.783	69	33858	32098	0.6895133653187114	0	65.38%	22135.00	IncX4_1_pld1
22	NZ_CP100711.1	5909	22132	45535	61760	0.0	29719.0	99.729	51	77896	32098	0.5054520530874198	0	20.83%	16226.00	IncX4_1_pld1
22	NZ_CP100729.1	1524	22132	55049	75660	0.0	37794.0	99.767	64	83642	32098	0.6420649261636239	0	24.64%	20612.00	IncX4_1_pld1
22_R	NZ_CP101370.1	15339	32098	1	16761	0.0	30912.0	99.958	52	33309	32098	0.5221509128294598	0	50.32%	16761.00	IncX4_1_pld1
22	NZ_CP101374.1	6030	17033	1	11004	0.0	20305.0	99.973	34	33309	32098	0.3428250981369555	0	33.04%	11004.00	IncX4_1_pld1
22	NZ_CP101861.1	1	12122	21187	33309	0.0	22352.0	99.951	38	33309	32098	0.3776559287183002	0	36.40%	12123.00	IncX4_1_pld1
22	NZ_CP103564.1	4433	17057	24740	37348	0.0	21638.0	97.628	39	37348	32098	0.3933266870209982	0	33.76%	12609.00	IncX4_1_pld1
22	NZ_CP103716.1	1441	17033	15089	30683	0.0	27750.0	98.789	49	34150	32098	0.4857935073836376	0	45.67%	15595.00	IncX4_1_pld1
22_R	NZ_CP104125.1	15050	30655	17078	32682	0.0	27671.0	98.674	49	38583	32098	0.4861985170415602	0	40.45%	15605.00	IncX4_1_pld1
22	NZ_CP104609.1	1	17033	1680	18713	0.0	31416.0	99.959	53	33310	32098	0.5306561156458346	0	51.14%	17034.00	IncX4_1_pld1
22_R	NZ_CP107047.1	15063	32098	1479	18515	0.0	31416.0	99.953	53	30124	32098	0.5307495794130476	0	56.56%	17037.00	IncX4_1_pld1
22_R	NZ_CP107287.1	15063	31342	11758	28035	0.0	29170.0	99.011	51	33549	32098	0.5071967100753941	0	48.52%	16278.00	IncX4_1_pld1
22	NZ_CP110120.1	1441	12031	23233	33826	0.0	18729.0	98.585	33	33826	32098	0.3299582528506449	0	31.32%	10594.00	IncX4_1_pld1
22	NZ_CP110172.1	4042	17033	1	12993	0.0	23959.0	99.954	40	33309	32098	0.4047604212100442	0	39.01%	12993.00	IncX4_1_pld1
22_R	NZ_CP110861.1	15063	31342	34334	50608	0.0	29211.0	99.06	51	56157	32098	0.5071967100753941	0	28.98%	16275.00	IncX4_1_pld1
22_R	NZ_CP114365.1	9967	32098	5141	27275	0.0	40751.0	99.901	69	29750	32098	0.6895133653187114	0	74.40%	22135.00	IncX4_1_pld1
22	NZ_CP116078.1	4433	18658	24221	38412	0.0	24218.0	97.439	44	42640	32098	0.4432051841236214	0	33.28%	14192.00	IncX4_1_pld1
22	NZ_CP116128.1	2061	17033	1	14961	0.0	26127.0	98.179	47	30896	32098	0.4664776621596361	0	48.42%	14961.00	IncX4_1_pld1
22	NZ_CP117674.1	1	14469	18840	33310	0.0	26677.0	99.945	45	33310	32098	0.4507757492678672	0	43.44%	14471.00	IncX4_1_pld1
22	NZ_CP117726.1	1	18658	1	18662	0.0	33639.0	99.207	58	32938	32098	0.5812823228861611	0	56.66%	18662.00	IncX4_1_pld1
22_R	NZ_CP119125.1	8554	27666	16303	35399	0.0	33624.0	98.438	60	37257	32098	0.5954576609134525	0	51.26%	19097.00	IncX4_1_pld1
22	NZ_CP122596.1	4433	17033	3397	15981	0.0	21383.0	97.323	39	34112	32098	0.3925789768832949	0	36.89%	12585.00	IncX4_1_pld1
22	NZ_CP122639.1	12335	22132	1	9800	0.0	17847.0	99.541	31	36533	32098	0.3052526637173656	0	26.83%	9800.00	IncX4_1_pld1
22	NZ_CP122873.1	4433	18229	30169	43949	0.0	23387.0	97.287	43	43949	32098	0.4298398654121752	0	31.36%	13781.00	IncX4_1_pld1
22	NZ_CP124870.1	4042	17033	1	12993	0.0	23965.0	99.962	40	33309	32098	0.4047604212100442	0	39.01%	12993.00	IncX4_1_pld1
22_R	NZ_CP125358.1	15063	32098	13757	30793	0.0	31410.0	99.947	53	33309	32098	0.5307495794130476	0	51.15%	17037.00	IncX4_1_pld1
22_R	NZ_CP126502.1	15063	32098	14989	32025	0.0	31405.0	99.941	53	34541	32098	0.5307495794130476	0	49.32%	17037.00	IncX4_1_pld1
22_R	NZ_CP126509.1	15063	32098	16469	33505	0.0	31416.0	99.953	53	36021	32098	0.5307495794130476	0	47.30%	17037.00	IncX4_1_pld1
22_R	NZ_CP126781.1	15050	30655	2984	18591	0.0	27691.0	98.694	49	33826	32098	0.4861985170415602	0	46.14%	15608.00	IncX4_1_pld1
22	NZ_CP127007.1	1	15483	17084	32552	0.0	27266.0	98.47	48	32552	32098	0.4823665025858309	0	47.52%	15469.00	IncX4_1_pld1
22_R	NZ_CP132668.1	9967	32098	8236	30370	0.0	40612.0	99.788	69	33858	32098	0.6895133653187114	0	65.38%	22135.00	IncX4_1_pld1
22	NZ_CP133489.1	1	22132	1	22135	0.0	40612.0	99.788	69	33858	32098	0.6895133653187114	0	65.38%	22135.00	IncX4_1_pld1
22	NZ_CP133915.1	1	17033	5921	22954	0.0	31416.0	99.959	53	34504	32098	0.5306561156458346	0	49.37%	17034.00	IncX4_1_pld1
22_R	NZ_CP134089.1	15119	32098	1	16981	0.0	31318.0	99.959	53	33541	32098	0.5290049224250732	0	50.63%	16981.00	IncX4_1_pld1
22_R	NZ_CP134383.1	8893	32098	6079	29289	0.0	42708.0	99.884	72	31764	32098	0.7229733939809334	0	73.07%	23211.00	IncX4_1_pld1
22_R	NZ_CP135249.1	15063	32098	14291	31327	0.0	31416.0	99.953	53	33304	32098	0.5307495794130476	0	51.16%	17037.00	IncX4_1_pld1
22	NZ_CP135280.1	3372	17033	1	13663	0.0	25196.0	99.956	43	33304	32098	0.4256339958875942	0	41.03%	13663.00	IncX4_1_pld1
22_R	NZ_CP135505.1	8895	27666	6963	25718	0.0	32230.0	97.675	58	35132	32098	0.5848339460402517	0	53.39%	18756.00	IncX4_1_pld1
22_R	NZ_CP136002.1	15063	32098	224	17260	0.0	31416.0	99.953	53	33304	32098	0.5307495794130476	0	51.16%	17037.00	IncX4_1_pld1
22	NZ_CP138468.1	1	17033	18558	35591	0.0	31416.0	99.959	53	39953	32098	0.5306561156458346	0	42.64%	17034.00	IncX4_1_pld1
22_R	NZ_CP139800.1	13441	32098	10793	29450	0.0	34062.0	99.62	58	61600	32098	0.5812823228861611	0	60.58%	37317.00	IncX4_1_pld1
22_R	NZ_CP139800.1	13441	32098	42155	60813	0.0	34073.0	99.63	58	61600	32098	0.5812823228861611	0	60.58%	37317.00	IncX4_1_pld1
22	NZ_CP139890.1	4676	17033	1	12358	0.0	22805.0	99.976	39	33309	32098	0.3850084117390491	0	37.10%	12358.00	IncX4_1_pld1
22	NZ_CP139894.1	4676	17033	1	12358	0.0	22805.0	99.976	39	33309	32098	0.3850084117390491	0	37.10%	12358.00	IncX4_1_pld1
22	NZ_CP141795.1	1	16746	17108	33854	0.0	30886.0	99.958	52	33854	32098	0.5217147485824662	0	49.47%	16747.00	IncX4_1_pld1
22	NZ_CP142410.1	4433	17033	15927	28493	0.0	21184.0	97.061	39	31763	32098	0.3925789768832949	0	39.56%	12567.00	IncX4_1_pld1
22	NZ_CP142684.1	1	13349	23336	36685	0.0	24624.0	99.963	42	36685	32098	0.4158826095083806	0	36.39%	13350.00	IncX4_1_pld1
22_R	NZ_CP145144.1	16003	30655	1	14656	0.0	26053.0	98.759	46	33826	32098	0.4565081936569257	0	43.33%	14656.00	IncX4_1_pld1
22	NZ_CP146676.1	1441	17049	16772	32382	0.0	27697.0	98.694	49	46078	32098	0.4862919808087731	0	33.88%	15611.00	IncX4_1_pld1
22_R	NZ_CP147037.1	20274	30655	1	10385	0.0	18354.0	98.576	32	33826	32098	0.3234469437348121	0	30.70%	10385.00	IncX4_1_pld1
22	NZ_CP148882.1	1	13788	17463	31251	0.0	25429.0	99.956	43	31251	32098	0.4295594741105364	0	44.12%	13789.00	IncX4_1_pld1
22_R	NZ_CP155526.1	16141	27666	1	11492	0.0	19320.0	96.978	36	31168	32098	0.359087793632002	0	36.87%	11492.00	IncX4_1_pld1
22	NZ_CP155672.1	1	17392	23638	41036	0.0	30960.0	98.793	54	46268	32098	0.5418406131223129	0	37.60%	17399.00	IncX4_1_pld1
22_R	NZ_KM212169.1	8895	27666	9503	28258	0.0	32225.0	97.67	58	37672	32098	0.5848339460402517	0	49.79%	18756.00	IncX4_1_pld1
22_R	NZ_KM580532.1	8895	27666	10220	28991	0.0	33619.0	98.993	58	41646	32098	0.5848339460402517	0	45.08%	18772.00	IncX4_1_pld1
22_R	NZ_KM580533.1	8895	27666	10220	28991	0.0	33619.0	98.993	58	38405	32098	0.5848339460402517	0	48.88%	18772.00	IncX4_1_pld1
22	NZ_KU743383.1	1	17033	3119	20153	0.0	31412.0	99.953	53	33311	32098	0.5306561156458346	0	51.14%	17035.00	IncX4_1_pld1
22_R	NZ_KU761327.1	15063	32098	12791	29827	0.0	31416.0	99.953	53	33287	32098	0.5307495794130476	0	51.18%	17037.00	IncX4_1_pld1
22_R	NZ_KX032520.1	15063	32098	12596	29632	0.0	31416.0	99.953	53	31808	32098	0.5307495794130476	0	53.56%	17037.00	IncX4_1_pld1
22	NZ_KX084392.1	1	17033	10294	27327	0.0	31416.0	99.959	53	33298	32098	0.5306561156458346	0	51.16%	17034.00	IncX4_1_pld1
22_R	NZ_KX129783.1	15063	32098	14122	31158	0.0	31410.0	99.947	53	34640	32098	0.5307495794130476	0	49.18%	17037.00	IncX4_1_pld1
22_R	NZ_KX236309.1	15063	32098	12786	29821	0.0	31410.0	99.947	53	33303	32098	0.5307495794130476	0	51.15%	17036.00	IncX4_1_pld1
22	NZ_KX254343.1	1	17033	10303	27336	0.0	31416.0	99.959	53	33307	32098	0.5306561156458346	0	51.14%	17034.00	IncX4_1_pld1
22_R	NZ_KX447768.1	15063	30201	12786	27925	0.0	27918.0	99.954	47	33395	32098	0.4716493239454171	0	45.34%	15140.00	IncX4_1_pld1
22_R	NZ_KX555451.1	9967	27762	10235	28033	0.0	32616.0	99.747	55	38814	32098	0.5544270671069849	0	45.86%	17799.00	IncX4_1_pld1
22_R	NZ_KX555452.1	15063	32098	12906	29942	0.0	31416.0	99.953	53	34149	32098	0.5307495794130476	0	49.89%	17037.00	IncX4_1_pld1
22	NZ_KX570748.1	1	17033	1565	18599	0.0	31407.0	99.947	53	32751	32098	0.5306561156458346	0	52.01%	17035.00	IncX4_1_pld1
22_R	NZ_KX711706.1	15063	32098	12791	29827	0.0	31416.0	99.953	53	33309	32098	0.5307495794130476	0	51.15%	17037.00	IncX4_1_pld1
22_R	NZ_KX711707.1	15063	32098	14479	31515	0.0	31410.0	99.947	53	34997	32098	0.5307495794130476	0	48.68%	17037.00	IncX4_1_pld1
22_R	NZ_KX711708.1	9967	32098	9328	31462	0.0	40612.0	99.788	69	34924	32098	0.6895133653187114	0	63.38%	22135.00	IncX4_1_pld1
22_R	NZ_KX772777.1	15063	32098	12791	29827	0.0	31416.0	99.953	53	33309	32098	0.5307495794130476	0	51.15%	17037.00	IncX4_1_pld1
22	NZ_KX894453.1	1	17033	3119	20151	0.0	31405.0	99.947	53	33303	32098	0.5306561156458346	0	51.15%	17033.00	IncX4_1_pld1
22	NZ_KY012276.1	1	17033	3099	20132	0.0	31410.0	99.953	53	33287	32098	0.5306561156458346	0	51.17%	17034.00	IncX4_1_pld1
22_R	NZ_KY075652.1	15063	32098	12791	29820	0.0	31360.0	99.9	53	33302	32098	0.5307495794130476	0	51.14%	17030.00	IncX4_1_pld1
22_R	NZ_KY075653.1	15063	32098	12791	29828	0.0	31390.0	99.924	53	33309	32098	0.5307495794130476	0	51.15%	17038.00	IncX4_1_pld1
22_R	NZ_KY075655.1	15063	32098	12784	29817	0.0	31397.0	99.935	53	33292	32098	0.5307495794130476	0	51.17%	17034.00	IncX4_1_pld1
22_R	NZ_KY075660.1	15063	32098	12789	29823	0.0	31397.0	99.935	53	33305	32098	0.5307495794130476	0	51.15%	17035.00	IncX4_1_pld1
22_R	NZ_KY120363.1	9967	32098	17325	39459	0.0	40612.0	99.788	69	42941	32098	0.6895133653187114	0	51.55%	22135.00	IncX4_1_pld1
22	NZ_KY120364.1	1	17033	3353	20386	0.0	31416.0	99.959	53	33308	32098	0.5306561156458346	0	51.14%	17034.00	IncX4_1_pld1
22	NZ_KY463451.1	1	17033	11688	28721	0.0	31416.0	99.959	53	33309	32098	0.5306561156458346	0	51.14%	17034.00	IncX4_1_pld1
22	NZ_KY463454.1	1	17033	11688	28721	0.0	31416.0	99.959	53	33309	32098	0.5306561156458346	0	51.14%	17034.00	IncX4_1_pld1
22_R	NZ_KY471146.1	15063	32098	26580	43616	0.0	31416.0	99.953	53	47038	32098	0.5307495794130476	0	36.22%	17037.00	IncX4_1_pld1
22	NZ_KY565556.1	1	17033	10300	27332	0.0	31410.0	99.953	53	33303	32098	0.5306561156458346	0	51.15%	17033.00	IncX4_1_pld1
22	NZ_KY582848.1	1	17033	9608	26641	0.0	31416.0	99.959	53	31229	32098	0.5306561156458346	0	54.55%	17034.00	IncX4_1_pld1
22	NZ_KY652381.1	1	22974	9313	32290	0.0	41482.0	99.256	72	33347	32098	0.7157455293164683	0	68.91%	22978.00	IncX4_1_pld1
22	NZ_KY689634.1	1	17033	10300	27332	0.0	31410.0	99.953	53	33303	32098	0.5306561156458346	0	51.15%	17033.00	IncX4_1_pld1
22	NZ_KY770023.1	1	17033	1885	18918	0.0	31416.0	99.959	53	33051	32098	0.5306561156458346	0	51.54%	17034.00	IncX4_1_pld1
22	NZ_KY770024.1	1	17033	2124	19157	0.0	31416.0	99.959	53	33304	32098	0.5306561156458346	0	51.15%	17034.00	IncX4_1_pld1
22	NZ_KY770025.1	3559	17033	7455	20930	0.0	24851.0	99.955	42	34975	32098	0.4198080877313228	0	38.53%	13476.00	IncX4_1_pld1
22_R	NZ_KY865319.1	8895	27666	9490	28249	0.0	32212.0	97.654	58	37663	32098	0.5848339460402517	0	49.81%	18760.00	IncX4_1_pld1
22	NZ_KY964067.1	1	17033	2124	19157	0.0	31405.0	99.947	53	33303	32098	0.5306561156458346	0	51.15%	17034.00	IncX4_1_pld1
22	NZ_LC227558.1	1	17033	2476	19509	0.0	31416.0	99.959	53	33304	32098	0.5306561156458346	0	51.15%	17034.00	IncX4_1_pld1
22_R	NZ_LC341397.1	15063	32098	12779	29815	0.0	31416.0	99.953	53	33297	32098	0.5307495794130476	0	51.17%	17037.00	IncX4_1_pld1
22_R	NZ_LC477138.1	15063	32098	12791	29827	0.0	31416.0	99.953	53	33309	32098	0.5307495794130476	0	51.15%	17037.00	IncX4_1_pld1
22_R	NZ_LC477294.1	15063	32098	12791	29827	0.0	31410.0	99.947	53	33309	32098	0.5307495794130476	0	51.15%	17037.00	IncX4_1_pld1
22_R	NZ_LC479085.1	15063	32098	12791	29827	0.0	31416.0	99.953	53	33309	32098	0.5307495794130476	0	51.15%	17037.00	IncX4_1_pld1
22_R	NZ_LC479086.1	15063	32098	12791	29827	0.0	31410.0	99.947	53	33309	32098	0.5307495794130476	0	51.15%	17037.00	IncX4_1_pld1
22_R	NZ_LC479452.1	9967	32098	8242	30376	0.0	40612.0	99.788	69	33858	32098	0.6895133653187114	0	65.38%	22135.00	IncX4_1_pld1
22_R	NZ_LC511660.1	19380	32098	1	12720	0.0	23460.0	99.961	40	33309	32098	0.3962552183936694	0	38.19%	12720.00	IncX4_1_pld1
22_R	NZ_LC511661.1	15063	29134	19237	33309	0.0	25942.0	99.943	44	33309	32098	0.438407377406692	0	42.25%	14073.00	IncX4_1_pld1
22	NZ_LR025103.1	4433	17033	11784	24368	0.0	21350.0	97.275	39	31016	32098	0.3925789768832949	0	40.58%	12585.00	IncX4_1_pld1
22	NZ_LS992170.1	19303	29586	19121	29401	0.0	18783.0	99.64	80	46051	32098	1.1609446071406315	0	47.38%	21819.00	IncX4_1_pld1
22	NZ_LS992170.1	1605	13155	34514	46051	0.0	20859.0	99.282	80	46051	32098	1.1609446071406315	0	47.38%	21819.00	IncX4_1_pld1
22_R	NZ_LT795507.1	15888	27666	1	11763	0.0	19887.0	97.17	37	32709	32098	0.3669699046669574	0	35.96%	11763.00	IncX4_1_pld1
22	NZ_LT838201.1	1	17033	51	17084	0.0	31416.0	99.959	53	33304	32098	0.5306561156458346	0	51.15%	17034.00	IncX4_1_pld1
22_R	NZ_LT985318.1	15063	27618	15380	27918	0.0	21032.0	96.932	39	37454	32098	0.3911770203751012	0	33.48%	12539.00	IncX4_1_pld1
22	NZ_MF093645.1	1	17033	2567	19600	0.0	31255.0	99.789	53	33293	32098	0.5306561156458346	0	51.16%	17034.00	IncX4_1_pld1
22	NZ_MF136779.1	1	17033	2122	19155	0.0	31410.0	99.953	53	33309	32098	0.5306561156458346	0	51.14%	17034.00	IncX4_1_pld1
22_R	NZ_MF175184.1	15063	32098	12792	29828	0.0	31410.0	99.947	53	33310	32098	0.5307495794130476	0	51.15%	17037.00	IncX4_1_pld1
22_R	NZ_MF175185.1	15063	32098	12782	29818	0.0	31410.0	99.947	53	33300	32098	0.5307495794130476	0	51.16%	17037.00	IncX4_1_pld1
22_R	NZ_MF175186.1	15063	32098	12792	29827	0.0	31410.0	99.947	53	33308	32098	0.5307495794130476	0	51.15%	17036.00	IncX4_1_pld1
22_R	NZ_MF175190.1	15063	32098	12789	29820	0.0	31384.0	99.924	53	33299	32098	0.5307495794130476	0	51.15%	17032.00	IncX4_1_pld1
22_R	NZ_MF175191.1	15063	32098	13142	30178	0.0	31416.0	99.953	53	33660	32098	0.5307495794130476	0	50.61%	17037.00	IncX4_1_pld1
22_R	NZ_MF381175.1	15063	32098	15324	32360	0.0	31416.0	99.953	53	34876	32098	0.5307495794130476	0	48.85%	17037.00	IncX4_1_pld1
22_R	NZ_MF381176.1	15063	32098	16950	33986	0.0	31416.0	99.953	53	36502	32098	0.5307495794130476	0	46.67%	17037.00	IncX4_1_pld1
22	NZ_MF449287.1	1	17033	12075	29107	0.0	31405.0	99.947	53	33303	32098	0.5306561156458346	0	51.15%	17033.00	IncX4_1_pld1
22_R	NZ_MF774182.1	15063	32098	13757	30793	0.0	31416.0	99.953	53	33309	32098	0.5307495794130476	0	51.15%	17037.00	IncX4_1_pld1
22_R	NZ_MF774184.1	15063	32098	13757	30793	0.0	31416.0	99.953	53	33309	32098	0.5307495794130476	0	51.15%	17037.00	IncX4_1_pld1
22_R	NZ_MF774188.1	15063	32098	13757	30793	0.0	31416.0	99.953	53	33309	32098	0.5307495794130476	0	51.15%	17037.00	IncX4_1_pld1
22_R	NZ_MF978387.1	15063	32098	13909	30945	0.0	31416.0	99.953	53	33301	32098	0.5307495794130476	0	51.16%	17037.00	IncX4_1_pld1
22_R	NZ_MG210937.1	15063	32098	12791	29827	0.0	31410.0	99.947	53	33309	32098	0.5307495794130476	0	51.15%	17037.00	IncX4_1_pld1
22_R	NZ_MG210939.1	9967	32098	8242	30376	0.0	40612.0	99.788	69	33858	32098	0.6895133653187114	0	65.38%	22135.00	IncX4_1_pld1
22_R	NZ_MG257881.1	15063	32098	12791	29827	0.0	31410.0	99.947	53	33309	32098	0.5307495794130476	0	51.15%	17037.00	IncX4_1_pld1
22_R	NZ_MG557852.1	9967	32098	7805	29939	0.0	40612.0	99.788	69	33858	32098	0.6895133653187114	0	65.38%	22135.00	IncX4_1_pld1
22_R	NZ_MG557853.1	11783	32098	127	20443	0.0	37368.0	99.867	63	40590	32098	0.6329366315658297	0	50.05%	20317.00	IncX4_1_pld1
22	NZ_MG557854.1	1	22132	1065	23199	0.0	40612.0	99.788	69	32995	32098	0.6895133653187114	0	67.09%	22135.00	IncX4_1_pld1
22	NZ_MG747473.1	165	17033	1	16870	0.0	31113.0	99.959	53	33310	32098	0.5255467630381955	0	50.65%	16870.00	IncX4_1_pld1
22	NZ_MG825367.1	1976	17033	1	15059	0.0	27774.0	99.96	47	33301	32098	0.4691258022306686	0	45.22%	15059.00	IncX4_1_pld1
22_R	NZ_MH061196.1	15063	32098	14153	31189	0.0	31416.0	99.953	53	33310	32098	0.5307495794130476	0	51.15%	17037.00	IncX4_1_pld1
22	NZ_MH143576.1	1	17033	16165	33198	0.0	31394.0	99.935	53	33309	32098	0.5306561156458346	0	51.14%	17034.00	IncX4_1_pld1
22	NZ_MH522417.1	1	17033	128	17161	0.0	31410.0	99.953	53	33309	32098	0.5306561156458346	0	51.14%	17034.00	IncX4_1_pld1
22	NZ_MH522422.1	1	17033	2613	19646	0.0	31410.0	99.953	53	35526	32098	0.5306561156458346	0	47.95%	17034.00	IncX4_1_pld1
22	NZ_MH715959.1	1	17033	3119	20152	0.0	31416.0	99.959	53	33309	32098	0.5306561156458346	0	51.14%	17034.00	IncX4_1_pld1
22_R	NZ_MH938808.1	15063	32098	5443	22479	0.0	31410.0	99.947	53	33301	32098	0.5307495794130476	0	51.16%	17037.00	IncX4_1_pld1
22_R	NZ_MK172815.1	15063	32098	4459	21495	0.0	31416.0	99.953	53	33310	32098	0.5307495794130476	0	51.15%	17037.00	IncX4_1_pld1
22_R	NZ_MK477604.1	15063	32098	12791	29827	0.0	31410.0	99.947	53	33309	32098	0.5307495794130476	0	51.15%	17037.00	IncX4_1_pld1
22_R	NZ_MK477610.1	15063	32098	12791	29827	0.0	31410.0	99.947	53	33309	32098	0.5307495794130476	0	51.15%	17037.00	IncX4_1_pld1
22_R	NZ_MK477615.1	15063	32098	12791	29827	0.0	31416.0	99.953	53	33309	32098	0.5307495794130476	0	51.15%	17037.00	IncX4_1_pld1
22	NZ_MK574665.1	1	17033	11781	28815	0.0	31407.0	99.947	53	33415	32098	0.5306561156458346	0	50.98%	17035.00	IncX4_1_pld1
22_R	NZ_MK836307.1	15063	32098	3002	20038	0.0	31410.0	99.947	53	33309	32098	0.5307495794130476	0	51.15%	17037.00	IncX4_1_pld1
22_R	NZ_MK875281.1	15063	32098	14318	31354	0.0	31416.0	99.953	53	32842	32098	0.5307495794130476	0	51.88%	17037.00	IncX4_1_pld1
22_R	NZ_MK875282.1	15063	32098	3893	20929	0.0	31416.0	99.953	53	32795	32098	0.5307495794130476	0	51.95%	17037.00	IncX4_1_pld1
22_R	NZ_MK875283.1	15063	32098	13920	30956	0.0	31416.0	99.953	53	31083	32098	0.5307495794130476	0	54.81%	17037.00	IncX4_1_pld1
22_R	NZ_MK875284.1	15063	32098	3978	21014	0.0	31405.0	99.941	53	32823	32098	0.5307495794130476	0	51.91%	17037.00	IncX4_1_pld1
22_R	NZ_MK875285.1	15063	32098	3893	20929	0.0	31416.0	99.953	53	32738	32098	0.5307495794130476	0	52.04%	17037.00	IncX4_1_pld1
22_R	NZ_MK875286.1	15063	32098	3893	20929	0.0	31410.0	99.947	53	32738	32098	0.5307495794130476	0	52.04%	17037.00	IncX4_1_pld1
22	NZ_MK940857.1	1	17033	2124	19157	0.0	31416.0	99.959	53	33304	32098	0.5306561156458346	0	51.15%	17034.00	IncX4_1_pld1
22	NZ_MK940858.1	1	17033	2124	19157	0.0	31399.0	99.941	53	33079	32098	0.5306561156458346	0	51.49%	17034.00	IncX4_1_pld1
22_R	NZ_MN200943.1	15063	32098	12759	29795	0.0	31410.0	99.947	53	33277	32098	0.5307495794130476	0	51.20%	17037.00	IncX4_1_pld1
22	NZ_MN232194.1	1	17033	3118	20151	0.0	31405.0	99.947	53	35648	32098	0.5306561156458346	0	47.78%	17034.00	IncX4_1_pld1
22	NZ_MN648330.1	12321	22132	1	9814	0.0	17884.0	99.562	69	33858	32098	0.6895133653187113	0	65.38%	22135.00	IncX4_1_pld1
22	NZ_MN648330.1	1	12320	21538	33858	0.0	22729.0	99.968	69	33858	32098	0.6895133653187113	0	65.38%	22135.00	IncX4_1_pld1
22	NZ_MT316509.1	1	17033	1	17034	0.0	31394.0	99.935	53	33309	32098	0.5306561156458346	0	51.14%	17034.00	IncX4_1_pld1
22	NZ_MT499886.1	1	17033	2101	19134	0.0	31410.0	99.953	53	32163	32098	0.5306561156458346	0	52.96%	17034.00	IncX4_1_pld1
22_R	NZ_MT667261.1	15063	32098	14819	31855	0.0	31410.0	99.947	53	35336	32098	0.5307495794130476	0	48.21%	17037.00	IncX4_1_pld1
22	NZ_MT929275.1	1	17033	11681	28713	0.0	31399.0	99.941	53	33304	32098	0.5306561156458346	0	51.14%	17033.00	IncX4_1_pld1
22	NZ_MT929276.1	1	17033	11686	28717	0.0	31386.0	99.93	53	33308	32098	0.5306561156458346	0	51.13%	17032.00	IncX4_1_pld1
22	NZ_MT929277.1	1	17033	11680	28712	0.0	31405.0	99.947	53	33303	32098	0.5306561156458346	0	51.15%	17033.00	IncX4_1_pld1
22	NZ_MT929278.1	1	17033	11686	28719	0.0	31416.0	99.959	53	33310	32098	0.5306561156458346	0	51.14%	17034.00	IncX4_1_pld1
22	NZ_MT929279.1	1	17033	11680	28713	0.0	31416.0	99.959	53	33304	32098	0.5306561156458346	0	51.15%	17034.00	IncX4_1_pld1
22	NZ_MT929280.1	1	17033	11680	28713	0.0	31416.0	99.959	53	33304	32098	0.5306561156458346	0	51.15%	17034.00	IncX4_1_pld1
22	NZ_MT929281.1	1	17033	12457	29490	0.0	31416.0	99.959	53	34081	32098	0.5306561156458346	0	49.98%	17034.00	IncX4_1_pld1
22	NZ_MT929282.1	1	17033	11676	28709	0.0	31416.0	99.959	53	33300	32098	0.5306561156458346	0	51.15%	17034.00	IncX4_1_pld1
22_R	NZ_MW010024.1	15063	32098	18507	35543	0.0	31416.0	99.953	53	39025	32098	0.5307495794130476	0	43.66%	17037.00	IncX4_1_pld1
22_R	NZ_MW010025.1	15063	32098	12791	29827	0.0	31416.0	99.953	53	33309	32098	0.5307495794130476	0	51.15%	17037.00	IncX4_1_pld1
22_R	NZ_MW010026.1	15063	32098	12791	29827	0.0	31416.0	99.953	53	33309	32098	0.5307495794130476	0	51.15%	17037.00	IncX4_1_pld1
22_R	NZ_MW010027.1	15063	32098	12791	29827	0.0	31416.0	99.953	53	33309	32098	0.5307495794130476	0	51.15%	17037.00	IncX4_1_pld1
22	NZ_MW264507.1	1	17033	3353	20386	0.0	31410.0	99.953	53	33308	32098	0.5306561156458346	0	51.14%	17034.00	IncX4_1_pld1
22	NZ_MW264508.1	1	17033	3353	20386	0.0	31416.0	99.959	53	33308	32098	0.5306561156458346	0	51.14%	17034.00	IncX4_1_pld1
22	NZ_MW264509.1	1	17033	3353	20386	0.0	31410.0	99.953	53	33308	32098	0.5306561156458346	0	51.14%	17034.00	IncX4_1_pld1
22	NZ_MW390511.1	4433	23204	2474	21233	0.0	32084.0	97.532	58	38567	32098	0.5848339460402517	0	48.64%	18760.00	IncX4_1_pld1
22	NZ_MW390514.1	4433	23204	2474	21233	0.0	32084.0	97.532	58	38623	32098	0.5848339460402517	0	48.57%	18760.00	IncX4_1_pld1
22	NZ_MW390518.1	4433	22132	22656	40341	0.0	30363.0	97.648	55	43732	32098	0.5514362265561717	0	40.44%	17686.00	IncX4_1_pld1
22	NZ_MW390521.1	4433	22132	2478	20163	0.0	30358.0	97.642	55	31146	32098	0.5514362265561717	0	56.78%	17686.00	IncX4_1_pld1
22_R	NZ_MW390525.1	18028	27663	1	9620	0.0	15935.0	96.553	30	44057	32098	0.3002056202878684	0	21.84%	9620.00	IncX4_1_pld1
22	NZ_MW390532.1	1960	17033	1	15074	0.0	27798.0	99.954	47	33228	32098	0.4696242756558041	0	45.37%	15074.00	IncX4_1_pld1
22_R	NZ_MW557326.1	15063	32098	12890	29926	0.0	31416.0	99.953	53	33408	32098	0.5307495794130476	0	51.00%	17037.00	IncX4_1_pld1
22	NZ_MW655525.1	4433	19319	16374	31244	0.0	25372.0	97.452	46	31244	32098	0.4637983674995327	0	47.60%	14871.00	IncX4_1_pld1
22	NZ_MW836072.1	1	17033	2124	19157	0.0	31416.0	99.959	53	33613	32098	0.5306561156458346	0	50.68%	17034.00	IncX4_1_pld1
22	NZ_MW999352.1	165	17033	1	16870	0.0	31102.0	99.947	53	33313	32098	0.5255467630381955	0	50.64%	16870.00	IncX4_1_pld1
22	NZ_MW999353.1	165	17033	1	16870	0.0	31102.0	99.947	53	33287	32098	0.5255467630381955	0	50.68%	16870.00	IncX4_1_pld1
22	NZ_MW999354.1	165	17033	1	16870	0.0	31102.0	99.947	53	33287	32098	0.5255467630381955	0	50.68%	16870.00	IncX4_1_pld1
22	NZ_MW999355.1	165	17033	1	16870	0.0	31102.0	99.947	53	33309	32098	0.5255467630381955	0	50.65%	16870.00	IncX4_1_pld1
22	NZ_MW999356.1	165	17033	1	16870	0.0	31102.0	99.947	53	33309	32098	0.5255467630381955	0	50.65%	16870.00	IncX4_1_pld1
22	NZ_MZ666125.1	1	17033	11720	28752	0.0	31410.0	99.953	53	33347	32098	0.5306561156458346	0	51.08%	17033.00	IncX4_1_pld1
22	NZ_OK605084.1	2191	17033	1	14843	0.0	27372.0	99.953	46	33360	32098	0.46242756558041	0	44.49%	14843.00	IncX4_1_pld1
22_R	NZ_OK642377.1	15063	30227	12786	27951	0.0	27966.0	99.954	47	33336	32098	0.4724593432612624	0	45.49%	15166.00	IncX4_1_pld1
22_R	NZ_OK642378.1	15063	32098	13909	30945	0.0	31410.0	99.947	53	33304	32098	0.5307495794130476	0	51.16%	17037.00	IncX4_1_pld1
22_R	NZ_OK642379.1	15063	32098	13909	30945	0.0	31410.0	99.947	53	33304	32098	0.5307495794130476	0	51.16%	17037.00	IncX4_1_pld1
22	NZ_OL504740.1	1	17033	2122	19155	0.0	31416.0	99.959	53	33309	32098	0.5306561156458346	0	51.14%	17034.00	IncX4_1_pld1
22	NZ_OM038690.1	1	17033	6165	23198	0.0	31416.0	99.959	53	31229	32098	0.5306561156458346	0	54.55%	17034.00	IncX4_1_pld1
22	NZ_OM038691.1	1	17033	6187	23220	0.0	31416.0	99.959	53	31251	32098	0.5306561156458346	0	54.51%	17034.00	IncX4_1_pld1
22	NZ_OM069355.1	1	17033	6165	23198	0.0	31416.0	99.959	53	31229	32098	0.5306561156458346	0	54.55%	17034.00	IncX4_1_pld1
22	NZ_OM735812.1	1	17033	2124	19157	0.0	31416.0	99.959	53	33304	32098	0.5306561156458346	0	51.15%	17034.00	IncX4_1_pld1
22	NZ_OM735813.1	1	17033	2124	19157	0.0	31416.0	99.959	53	33304	32098	0.5306561156458346	0	51.15%	17034.00	IncX4_1_pld1
22	NZ_OM735814.1	1	17033	2124	19157	0.0	31410.0	99.953	53	33304	32098	0.5306561156458346	0	51.15%	17034.00	IncX4_1_pld1
22	NZ_OM735815.1	1	17033	2124	19157	0.0	31410.0	99.953	53	33304	32098	0.5306561156458346	0	51.15%	17034.00	IncX4_1_pld1
22	NZ_OM735816.1	1	17033	2124	19157	0.0	31416.0	99.959	53	33304	32098	0.5306561156458346	0	51.15%	17034.00	IncX4_1_pld1
22	NZ_OM735817.1	1	17033	2124	19157	0.0	31416.0	99.959	53	33304	32098	0.5306561156458346	0	51.15%	17034.00	IncX4_1_pld1
22_R	NZ_OP242234.1	15063	32098	3275	20311	0.0	31410.0	99.947	53	31882	32098	0.5307495794130476	0	53.44%	17037.00	IncX4_1_pld1
22	NZ_OP242313.1	1441	17049	6019	21629	0.0	27697.0	98.694	49	33826	32098	0.4862919808087731	0	46.15%	15611.00	IncX4_1_pld1
22_R	NZ_OP378631.1	14707	27666	2760	15706	0.0	21544.0	96.697	40	31839	32098	0.4037634743597732	0	40.66%	12947.00	IncX4_1_pld1
22	NZ_OP428973.1	1	17033	11680	28712	0.0	31405.0	99.947	53	33303	32098	0.5306561156458346	0	51.15%	17033.00	IncX4_1_pld1
22	NZ_OP428974.1	1	17033	11680	28713	0.0	31399.0	99.941	53	33304	32098	0.5306561156458346	0	51.15%	17034.00	IncX4_1_pld1
22	NZ_OP428975.1	1	17033	11680	28712	0.0	31410.0	99.953	53	33303	32098	0.5306561156458346	0	51.15%	17033.00	IncX4_1_pld1
22	NZ_OP428976.1	1	17033	11680	28712	0.0	31399.0	99.941	53	33303	32098	0.5306561156458346	0	51.15%	17033.00	IncX4_1_pld1
22	NZ_OP428977.1	1	17033	12444	29477	0.0	31416.0	99.959	53	34068	32098	0.5306561156458346	0	50.00%	17034.00	IncX4_1_pld1
22	NZ_OP428978.1	1	17033	11680	28712	0.0	31399.0	99.941	53	33303	32098	0.5306561156458346	0	51.15%	17033.00	IncX4_1_pld1
22_R	NZ_OQ401026.1	14308	32098	1	17792	0.0	32816.0	99.961	55	31763	32098	0.55427129416163	0	56.01%	17792.00	IncX4_1_pld1
22	NZ_OQ557085.1	1	17033	15476	32509	0.0	31405.0	99.947	53	33310	32098	0.5306561156458346	0	51.14%	17034.00	IncX4_1_pld1
22	NZ_OQ557086.1	6879	17033	1	10155	0.0	18737.0	99.97	32	38265	32098	0.3163748520157019	0	26.54%	10155.00	IncX4_1_pld1
22	NZ_OR095747.1	1441	17049	13075	28685	0.0	27697.0	98.694	49	48412	32098	0.4862919808087731	0	32.25%	15611.00	IncX4_1_pld1
22_R	NZ_OR345923.1	8895	27666	5460	24215	0.0	32230.0	97.675	58	33144	32098	0.5848339460402517	0	56.59%	18756.00	IncX4_1_pld1
22	NZ_OR724980.1	1	17033	2818	19850	0.0	31405.0	99.947	53	33303	32098	0.5306561156458346	0	51.15%	17033.00	IncX4_1_pld1
22_R	NZ_OR724981.1	15063	29102	19270	33310	0.0	25889.0	99.95	44	33310	32098	0.437410430556421	0	42.15%	14041.00	IncX4_1_pld1
22_R	NZ_OR724982.1	19988	32098	1	12112	0.0	22338.0	99.959	38	33304	32098	0.3773132282385195	0	36.37%	12112.00	IncX4_1_pld1
22	NZ_OR724983.1	6077	17033	1	10957	0.0	20218.0	99.973	34	33310	32098	0.34136083245062	0	32.89%	10957.00	IncX4_1_pld1
22	NZ_OR724988.1	1	15299	18784	34082	0.0	28208.0	99.948	48	34082	32098	0.4766340581967724	0	44.89%	15299.00	IncX4_1_pld1
22	NZ_OR753269.1	1	17033	5717	22750	0.0	31416.0	99.959	53	33304	32098	0.5306561156458346	0	51.15%	17034.00	IncX4_1_pld1
22_R	NZ_OR828567.1	15063	32098	13798	30834	0.0	31416.0	99.953	53	33309	32098	0.5307495794130476	0	51.15%	17037.00	IncX4_1_pld1
22_R	NZ_OW967979.1	8895	27666	15583	34338	0.0	32219.0	97.664	58	35225	32098	0.5848339460402517	0	53.25%	18756.00	IncX4_1_pld1
22	NZ_OX030705.1	1	23206	5452	28662	0.0	42719.0	99.892	72	31765	32098	0.7229733939809334	0	73.07%	23211.00	IncX4_1_pld1
22_R	NZ_OY754352.1	8893	27618	7470	26181	0.0	32934.0	98.427	58	35379	32098	0.5834008349429871	0	52.89%	18712.00	IncX4_1_pld1
22_R	NZ_OY757100.1	8893	27618	11388	30099	0.0	32934.0	98.427	58	35379	32098	0.5834008349429871	0	52.89%	18712.00	IncX4_1_pld1
22_R	NZ_OY839929.1	8893	27618	11388	30099	0.0	32934.0	98.427	58	35379	32098	0.5834008349429871	0	52.89%	18712.00	IncX4_1_pld1
22	NZ_OZ040269.1	4433	14469	24463	34465	0.0	16632.0	96.64	31	34465	32098	0.3126986105053274	0	29.02%	10003.00	IncX4_1_pld1
22	OW969627.1	1441	17049	13372	28982	0.0	27697.0	98.694	49	33826	32098	0.4862919808087731	0	46.15%	15611.00	IncX4_1_pld1
22	OX341605.1	4481	17033	16812	29351	0.0	21268.0	97.266	39	42565	32098	0.3910835566078883	0	29.46%	12540.00	IncX4_1_pld1
22_R	OZ026782.1	15063	32098	16028	33064	0.0	31410.0	99.947	53	36546	32098	0.5307495794130476	0	46.62%	17037.00	IncX4_1_pld1
22_R	OZ026873.1	15063	32098	12786	29822	0.0	31416.0	99.953	53	33304	32098	0.5307495794130476	0	51.16%	17037.00	IncX4_1_pld1
22_R	OZ026874.1	15063	32098	13562	30598	0.0	31416.0	99.953	53	34080	32098	0.5307495794130476	0	49.99%	17037.00	IncX4_1_pld1
22_R	OZ026875.1	15063	32098	12786	29822	0.0	31416.0	99.953	53	33304	32098	0.5307495794130476	0	51.16%	17037.00	IncX4_1_pld1
22_R	OZ026878.1	15063	32098	12786	29822	0.0	31416.0	99.953	53	33304	32098	0.5307495794130476	0	51.16%	17037.00	IncX4_1_pld1
22_R	OZ026879.1	15063	32098	13562	30598	0.0	31416.0	99.953	53	34080	32098	0.5307495794130476	0	49.99%	17037.00	IncX4_1_pld1
22_R	OZ026882.1	15063	32098	12786	29822	0.0	31416.0	99.953	53	33304	32098	0.5307495794130476	0	51.16%	17037.00	IncX4_1_pld1
22_R	OZ026883.1	15063	32098	12786	29822	0.0	31416.0	99.953	53	33304	32098	0.5307495794130476	0	51.16%	17037.00	IncX4_1_pld1
