1	ISCfr13_IS110_unknown	89.634	164	17	0	63567	63730	1362	1525	3.62e-51	209
1	ISEch13_IS110_unknown	89.441	161	17	0	63567	63727	1363	1523	1.68e-49	204
1	ISEsa2_IS110_unknown	85.065	154	23	0	63567	63720	1340	1493	1.33e-35	158
2	MITEYpe1_IS630_unknown	83.051	118	18	2	57240	57356	117	1	2.54e-20	106
32	IS1A_IS1_unknown	97.976	494	10	0	30074	30567	275	768	0.0	857
32	IS1A_IS1_unknown	98.394	249	4	0	29833	30081	1	249	3.21e-121	438
32	IS1S_IS1_unknown	97.773	494	11	0	30074	30567	275	768	0.0	852
32	IS1S_IS1_unknown	98.795	249	3	0	29833	30081	1	249	6.90e-123	444
32	IS1G_IS1_unknown	97.773	494	11	0	30074	30567	275	768	0.0	852
32	IS1G_IS1_unknown	98.394	249	4	0	29833	30081	1	249	3.21e-121	438
32	IS1SD_IS1_unknown	97.925	482	10	0	30074	30555	275	756	0.0	835
32	IS1SD_IS1_unknown	98.795	249	3	0	29833	30081	1	249	6.90e-123	444
32	IS1R_IS1_unknown	97.166	494	14	0	30074	30567	275	768	0.0	835
32	IS1R_IS1_unknown	98.394	249	4	0	29833	30081	1	249	3.21e-121	438
32	IS1D_IS1_unknown	96.964	494	15	0	30074	30567	275	768	0.0	830
32	IS1D_IS1_unknown	98.394	249	4	0	29833	30081	1	249	3.21e-121	438
32	IS1B_IS1_unknown	96.964	494	15	0	30074	30567	275	768	0.0	830
32	IS1B_IS1_unknown	98.795	249	3	0	29833	30081	1	249	6.90e-123	444
32	IS1X2_IS1_unknown	92.105	494	39	0	30074	30567	275	768	0.0	697
32	IS1X2_IS1_unknown	98.780	246	3	0	29833	30078	1	246	3.21e-121	438
32	IS1X4_IS1_unknown	91.498	494	42	0	30074	30567	275	768	0.0	680
32	IS1X4_IS1_unknown	95.122	246	12	0	29833	30078	1	246	3.28e-106	388
32	ISSen9_IS1_unknown	90.688	494	46	0	30074	30567	275	768	0.0	658
32	ISSen9_IS1_unknown	97.992	249	5	0	29833	30081	1	249	1.49e-119	433
32	IS1X1_IS1_unknown	90.688	494	46	0	30074	30567	275	768	0.0	658
32	IS1X1_IS1_unknown	89.431	246	26	0	29833	30078	1	246	7.30e-83	311
32	IS1F_IS1_unknown	90.283	494	48	0	30074	30567	275	768	0.0	647
32	IS1F_IS1_unknown	90.244	246	24	0	29833	30078	1	246	3.37e-86	322
32	IS1X3_IS1_unknown	89.879	494	50	0	30074	30567	276	769	1.06e-180	636
32	IS1X3_IS1_unknown	93.469	245	16	0	29837	30081	6	250	5.53e-99	364
32	ISKpn14_IS1_unknown	87.349	498	62	1	30071	30567	271	768	1.09e-160	569
32	ISKpn14_IS1_unknown	88.259	247	27	2	29833	30078	1	246	7.35e-78	294
36	IS1X2_IS1_unknown	97.396	768	20	0	18553	19320	768	1	0.0	1308
36	IS1X4_IS1_unknown	96.484	768	27	0	18553	19320	768	1	0.0	1269
36	IS1F_IS1_unknown	96.094	768	30	0	18553	19320	768	1	0.0	1253
36	IS1X1_IS1_unknown	95.833	768	32	0	18553	19320	768	1	0.0	1242
36	ISSen9_IS1_unknown	94.010	768	46	0	18553	19320	768	1	0.0	1164
36	IS1S_IS1_unknown	92.708	768	56	0	18553	19320	768	1	0.0	1109
36	IS1X3_IS1_unknown	92.689	766	56	0	18553	19318	769	4	0.0	1105
36	IS1SD_IS1_unknown	92.298	766	59	0	18555	19320	766	1	0.0	1088
36	IS1A_IS1_unknown	92.188	768	60	0	18553	19320	768	1	0.0	1086
36	IS1G_IS1_unknown	92.057	768	61	0	18553	19320	768	1	0.0	1081
36	IS1R_IS1_unknown	91.927	768	62	0	18553	19320	768	1	0.0	1075
36	IS1B_IS1_unknown	91.927	768	62	0	18553	19320	768	1	0.0	1075
36	IS1D_IS1_unknown	91.797	768	63	0	18553	19320	768	1	0.0	1070
36	ISKpn14_IS1_unknown	89.597	769	78	2	18553	19320	768	1	0.0	976
36	IS903B_IS5_IS903	100.000	83	0	0	43491	43573	1057	975	1.22e-35	154
36	IS903_IS5_IS903	100.000	83	0	0	43491	43573	1057	975	1.22e-35	154
36	IS102_IS5_IS903	100.000	83	0	0	43491	43573	1057	975	1.22e-35	154
39	MITEYpe1_IS630_unknown	100.000	34	0	0	38252	38285	1	34	1.95e-08	63.9
74	ISStma11_ISL3_unknown	80.430	1395	257	15	835	2221	1571	2957	0.0	1050
105	ISKpn21_ISNCY_IS1202	100.000	1380	0	0	1	1380	2278	899	0.0	2549
106	ISSm1_IS110_IS1111	93.650	1370	83	3	2	1368	1369	1	0.0	2045
106	ISEc76_IS110_IS1111	90.299	1371	126	6	2	1368	1368	1	0.0	1788
106	ISLad6_IS110_IS1111	88.881	1367	150	1	2	1368	1365	1	0.0	1681
106	IS1618_IS110_IS1111	88.670	1368	151	3	2	1368	1365	1	0.0	1664
106	ISCfr26_IS110_IS1111	87.281	1368	170	3	2	1368	1365	1	0.0	1559
107	IS4321R_IS110_IS1111	99.699	1327	3	1	8	1334	1326	1	0.0	2427
107	IS4321L_IS110_IS1111	97.061	1327	39	0	8	1334	1327	1	0.0	2235
107	IS4321_IS110_IS1111	97.061	1327	39	0	8	1334	1327	1	0.0	2235
107	IS5075_IS110_IS1111	93.218	1327	90	0	8	1334	1327	1	0.0	1953
108	IS3_IS3_IS3	99.921	1258	1	0	1	1258	1258	1	0.0	2318
108	ISEc17_IS3_IS3	99.841	1258	2	0	1	1258	1258	1	0.0	2313
108	IS3F_IS3_IS3	95.628	1258	55	0	1	1258	1258	1	0.0	2019
108	IS3H_IS3_IS3	93.021	1261	85	1	1	1258	1261	1	0.0	1838
108	ISSty2_IS3_IS3	82.372	1265	210	13	1	1258	1259	1	0.0	1088
108	ISEc16_IS3_IS3	81.789	1263	206	16	1	1258	1244	1	0.0	1037
108	IS1230B_IS3_IS3	81.438	1266	207	18	1	1258	1246	1	0.0	1011
108	ISEal1_IS3_IS3	81.432	1271	197	28	1	1258	1245	1	0.0	1003
108	ISPeat2_IS3_IS3	79.890	1268	221	21	1	1258	1244	1	0.0	898
109	ISKpn42_IS110_unknown	70.902	543	137	18	8	542	1	530	2.57e-23	108
110	ISEc68_IS5_IS5	99.912	1140	1	0	1	1140	1197	58	0.0	2100
110	ISKpn26_IS5_IS5	79.296	966	186	13	171	1129	1027	69	0.0	664
110	IS1405_IS5_IS5	93.846	65	4	0	579	643	605	541	1.49e-20	99.0
114	ISKpn21_ISNCY_IS1202	100.000	898	0	0	1	898	1	898	0.0	1659
116	ISSen4_IS3_IS407	99.645	846	3	0	1	846	919	74	0.0	1546
116	IS1222_IS3_IS407	95.041	847	40	2	1	846	919	74	0.0	1330
116	ISKpn34_IS3_IS407	88.652	846	94	2	2	846	918	74	0.0	1029
116	ISSpr2_IS3_IS407	88.430	847	96	2	1	846	919	74	0.0	1020
116	ISRaq1_IS3_IS407	88.298	846	99	0	1	846	919	74	0.0	1014
116	ISEhe4_IS3_IS407	85.854	820	112	4	29	846	891	74	0.0	869
116	ISYen3_IS3_IS407	96.495	485	17	0	362	846	558	74	0.0	802
116	ISYen3_IS3_IS407	92.517	294	22	0	1	294	838	545	5.74e-118	422
119	ISKpn28_IS481_unknown	100.000	749	0	0	1	749	952	204	0.0	1384
120	ISKpn34_IS3_IS407	100.000	717	0	0	1	717	717	1	0.0	1325
120	ISSen4_IS3_IS407	88.997	718	77	2	1	717	717	1	0.0	887
120	ISRaq1_IS3_IS407	88.873	719	76	4	1	717	717	1	0.0	881
120	ISEhe4_IS3_IS407	88.440	718	81	2	1	717	717	1	0.0	865
120	IS1222_IS3_IS407	88.145	717	81	4	3	717	715	1	0.0	850
120	ISSpr2_IS3_IS407	87.187	718	90	2	1	717	717	1	0.0	815
120	ISYen3_IS3_IS407	89.928	556	54	2	163	717	555	1	0.0	715
120	ISYen3_IS3_IS407	94.444	90	5	0	3	92	634	545	5.46e-33	139
136	ISKpn34_IS3_IS407	100.000	497	0	0	1	497	1221	725	0.0	918
136	ISSpr2_IS3_IS407	91.549	497	42	0	1	497	1221	725	0.0	686
136	ISRaq1_IS3_IS407	88.732	497	56	0	1	497	1221	725	2.37e-174	608
136	ISYen3_IS3_IS407	87.751	498	59	2	1	497	1140	644	5.17e-166	580
136	IS1222_IS3_IS407	87.349	498	61	2	1	497	1221	725	1.12e-162	569
136	ISSen4_IS3_IS407	87.200	500	58	6	1	497	1221	725	5.21e-161	564
136	ISEhe4_IS3_IS407	86.747	498	64	2	1	497	1221	725	1.13e-157	553
140	ISKpn26_IS5_IS5	99.582	478	2	0	1	478	807	330	0.0	872
140	IS5D_IS5_IS5	97.071	478	14	0	1	478	807	330	0.0	806
140	IS5_IS5_IS5	97.071	478	14	0	1	478	807	330	0.0	806
140	IS5B_IS5_IS5	94.898	490	13	4	1	478	819	330	0.0	756
140	ISDlsp1_IS5_IS5	85.075	134	16	4	186	317	607	476	1.67e-31	134
140	IS1021_IS5_IS5	80.392	153	28	2	186	337	644	493	6.05e-26	115
166	ISKpn38_IS3_IS150	94.737	285	5	1	1	275	747	1031	2.28e-122	435
169	ISEc52_IS3_IS3	98.099	263	4	1	1	262	1250	988	4.60e-129	457
169	ISLad1_IS3_IS3	95.349	258	12	0	1	258	1249	992	3.63e-115	411
169	IS911_IS3_IS3	92.015	263	20	1	1	262	1250	988	2.22e-102	368
178	ISKpn28_IS481_unknown	100.000	202	0	0	1	202	202	1	3.67e-104	374
180	ISKpn38_IS3_IS150	100.000	196	0	0	1	196	746	551	7.52e-101	363
186	ISKpn26_IS5_IS5	100.000	185	0	0	1	185	144	328	9.18e-95	342
186	IS5D_IS5_IS5	89.189	185	20	0	1	185	144	328	2.07e-61	231
186	IS5B_IS5_IS5	89.189	185	20	0	1	185	144	328	2.07e-61	231
186	IS5_IS5_IS5	89.189	185	20	0	1	185	144	328	2.07e-61	231
186	ISEc68_IS5_IS5	88.811	143	16	0	43	185	186	328	9.85e-45	176
187	ISKpn38_IS3_IS150	98.361	183	3	0	1	183	1352	1170	1.19e-88	322
199	IS903B_IS5_IS903	91.875	160	11	2	1	159	471	629	1.06e-58	222
199	IS903_IS5_IS903	88.750	160	16	2	1	159	471	629	2.31e-50	195
202	ISKpn38_IS3_IS150	100.000	152	0	0	1	152	398	549	1.62e-76	281
208	ISRaq1_IS3_IS407	91.034	145	13	0	1	145	1154	1010	5.72e-51	196
208	ISKpn34_IS3_IS407	88.811	143	16	0	3	145	1152	1010	7.45e-45	176
208	ISSpr2_IS3_IS407	86.713	143	19	0	3	145	1152	1010	7.50e-40	159
208	ISSen4_IS3_IS407	87.023	131	17	0	15	145	1140	1010	1.62e-36	148
209	ISKpn28_IS481_unknown	100.000	144	0	0	1	144	1096	953	4.26e-72	267
210	ISKpn60_IS110_unknown	100.000	144	0	0	1	144	1118	1261	4.26e-72	267
210	ISEc21_IS110_unknown	90.278	144	14	0	1	144	1118	1261	9.49e-49	189
214	IS903B_IS5_IS903	100.000	140	0	0	1	140	973	834	6.90e-70	259
214	IS903_IS5_IS903	100.000	140	0	0	1	140	973	834	6.90e-70	259
214	IS102_IS5_IS903	100.000	140	0	0	1	140	973	834	6.90e-70	259
217	ISKpn38_IS3_IS150	100.000	136	0	0	1	136	1168	1033	1.12e-67	252
219	ISKpn38_IS3_IS150	100.000	101	0	0	2	102	1498	1598	3.19e-48	187
231	ISKpn26_IS5_IS5	100.000	125	0	0	1	125	1	125	1.31e-61	231
243	IS903B_IS5_IS903	91.919	99	8	0	1	99	731	633	6.39e-34	139
243	IS903_IS5_IS903	90.909	99	9	0	1	99	731	633	2.97e-32	134
243	IS102_IS5_IS903	89.899	99	10	0	1	99	731	633	1.38e-30	128
243	ISPan1_IS5_IS903	91.111	90	8	0	10	99	722	633	6.44e-29	122
