qseqid	sseqid	qstart	qend	sstart	send	evalue	bitscore	pident	qcovs	slen	qlen	q_perc_aligned	overlapped_bases	coverage_percentage	bases_covered	gene_name
36	AP027720.1	302	2101	1	1800	0.0	3325.0	100.0	86	2101	2101	0.8567348881485007	0	85.67%	1800.00	Col_BS512__1_pld1
36_R	CP042636.1	245	2101	1	1845	0.0	3253.0	98.391	88	2090	2101	0.8838648262732033	0	88.28%	1845.00	Col_BS512__1_pld1
36	CP052212.1	1002	2101	1	1100	0.0	2032.0	100.0	100	2088	2101	1.0	0	100.00%	2088.00	Col_BS512__1_pld1
36	CP052212.1	1	1001	1101	2088	0.0	1753.0	98.503	100	2088	2101	1.0	0	100.00%	2088.00	Col_BS512__1_pld1
36	CP054324.1	993	2101	1	1109	0.0	2049.0	100.0	100	2113	2101	1.0	0	100.00%	2113.00	Col_BS512__1_pld1
36	CP054324.1	1	992	1110	2113	0.0	1766.0	98.607	100	2113	2101	1.0	0	100.00%	2113.00	Col_BS512__1_pld1
36_R	CP054341.1	968	2101	1	1121	0.0	1999.0	98.678	100	2088	2101	1.0	0	100.00%	2088.00	Col_BS512__1_pld1
36_R	CP054341.1	1	967	1122	2088	0.0	1786.0	100.0	100	2088	2101	1.0	0	100.00%	2088.00	Col_BS512__1_pld1
36	CP054463.1	1	2003	99	2100	0.0	3681.0	99.85	95	2100	2101	0.9533555449785815	0	95.33%	2002.00	Col_BS512__1_pld1
36_R	CP056408.1	1	1560	542	2089	0.0	2798.0	99.167	74	2089	2101	0.7425035697287006	0	74.10%	1548.00	Col_BS512__1_pld1
36_R	CP056791.1	1226	2101	1	863	0.0	1522.0	98.29	100	2088	2101	1.0	0	100.00%	2088.00	Col_BS512__1_pld1
36_R	CP056791.1	1	1225	864	2088	0.0	2263.0	100.0	100	2088	2101	1.0	0	100.00%	2088.00	Col_BS512__1_pld1
36_R	CP067709.1	79	2101	1	2023	0.0	3720.0	99.852	96	2101	2101	0.962874821513565	0	96.29%	2023.00	Col_BS512__1_pld1
36	CP077227.1	1	1696	406	2089	0.0	3044.0	99.175	81	2089	2101	0.8072346501665874	0	80.61%	1684.00	Col_BS512__1_pld1
36	CP077255.1	1298	2101	1	804	0.0	1485.0	100.0	100	2102	2101	1.0	0	100.00%	2102.00	Col_BS512__1_pld1
36	CP077255.1	1	1297	805	2102	0.0	2390.0	99.923	100	2102	2101	1.0	0	100.00%	2102.00	Col_BS512__1_pld1
36_R	CP077278.1	876	2101	1	1214	0.0	2176.0	98.859	100	2089	2101	1.0	0	100.00%	2089.00	Col_BS512__1_pld1
36_R	CP077278.1	1	875	1215	2089	0.0	1616.0	100.0	100	2089	2101	1.0	0	100.00%	2089.00	Col_BS512__1_pld1
36_R	CP077284.1	675	2101	1	1427	0.0	2625.0	99.86	100	2101	2101	1.0	0	100.00%	2101.00	Col_BS512__1_pld1
36_R	CP077284.1	1	674	1428	2101	0.0	1240.0	99.852	100	2101	2101	1.0	0	100.00%	2101.00	Col_BS512__1_pld1
36_R	CP077346.1	882	2101	1	1220	0.0	2242.0	99.836	100	2101	2101	1.0	0	100.00%	2101.00	Col_BS512__1_pld1
36_R	CP077346.1	1	881	1221	2101	0.0	1622.0	99.886	100	2101	2101	1.0	0	100.00%	2101.00	Col_BS512__1_pld1
36_R	CP077358.1	882	2101	1	1221	0.0	2248.0	99.918	100	2102	2101	1.0	0	100.00%	2102.00	Col_BS512__1_pld1
36_R	CP077358.1	1	881	1222	2102	0.0	1628.0	100.0	100	2102	2101	1.0	0	100.00%	2102.00	Col_BS512__1_pld1
36	CP077383.1	1299	2101	1	803	0.0	1483.0	100.0	100	2101	2101	1.0	0	100.00%	2101.00	Col_BS512__1_pld1
36	CP077383.1	1	1298	804	2101	0.0	2381.0	99.769	100	2101	2101	1.0	0	100.00%	2101.00	Col_BS512__1_pld1
36	CP115329.1	953	2101	1	1147	0.0	2104.0	99.739	99	2080	2101	0.9947643979057592	0	100.00%	2080.00	Col_BS512__1_pld1
36	CP115329.1	1	941	1148	2080	0.0	1615.0	97.78	99	2080	2101	0.9947643979057592	0	100.00%	2080.00	Col_BS512__1_pld1
36	CP117209.1	723	2101	1	1379	0.0	2542.0	99.927	100	2101	2101	1.0	0	100.00%	2101.00	Col_BS512__1_pld1
36	CP117209.1	1	722	1380	2101	0.0	1323.0	99.723	100	2101	2101	1.0	0	100.00%	2101.00	Col_BS512__1_pld1
36_R	CP121677.1	1	1753	343	2091	0.0	3201.0	99.658	83	2091	2101	0.8343645882912899	0	83.64%	1749.00	Col_BS512__1_pld1
36_R	CP125019.1	111	2101	1	2003	0.0	3611.0	99.301	95	2113	2101	0.9476439790575916	0	94.79%	2003.00	Col_BS512__1_pld1
36	CP125026.1	478	2101	1	1636	0.0	2944.0	99.267	77	2113	2101	0.7729652546406474	0	77.43%	1636.00	Col_BS512__1_pld1
36_R	CP125032.1	1	1558	544	2101	0.0	2872.0	99.936	74	2101	2101	0.7415516420752023	0	74.16%	1558.00	Col_BS512__1_pld1
36	CP125052.1	454	2101	1	1636	0.0	2966.0	99.272	78	2089	2101	0.7843883864826273	0	78.31%	1636.00	Col_BS512__1_pld1
36_R	CP125058.1	269	2101	1	1833	0.0	3369.0	99.836	87	2101	2101	0.8724416944312232	0	87.24%	1833.00	Col_BS512__1_pld1
36_R	CP125070.1	1	1977	125	2113	0.0	3585.0	99.296	94	2113	2101	0.9409804854831032	0	94.13%	1989.00	Col_BS512__1_pld1
36_R	MW363524.1	79	2101	1	2035	0.0	3670.0	99.312	96	2113	2101	0.962874821513565	0	96.31%	2035.00	Col_BS512__1_pld1
36_R	NC_001378.1	1478	2101	1	620	0.0	1116.0	99.04	100	2083	2101	1.0	0	100.00%	2083.00	Col_BS512__1_pld1
36_R	NC_001378.1	1	1477	621	2083	0.0	2615.0	98.781	100	2083	2101	1.0	0	100.00%	2083.00	Col_BS512__1_pld1
36_R	NC_009347.1	1478	2101	1	624	0.0	1136.0	99.52	100	2101	2101	1.0	0	100.00%	2101.00	Col_BS512__1_pld1
36_R	NC_009347.1	1	1477	625	2101	0.0	2728.0	100.0	100	2101	2101	1.0	0	100.00%	2101.00	Col_BS512__1_pld1
36_R	NC_010656.1	1478	2101	1	624	0.0	1125.0	99.2	100	2089	2101	1.0	0	100.00%	2089.00	Col_BS512__1_pld1
36_R	NC_010656.1	1	1477	625	2089	0.0	2634.0	98.984	100	2089	2101	1.0	0	100.00%	2089.00	Col_BS512__1_pld1
36_R	NC_016824.1	79	2101	1	2011	0.0	3648.0	99.308	96	2089	2101	0.962874821513565	0	96.27%	2011.00	Col_BS512__1_pld1
36_R	NZ_AP021968.1	1	2079	23	2113	0.0	3773.0	99.331	99	2113	2101	0.9895287958115184	0	98.96%	2091.00	Col_BS512__1_pld1
36_R	NZ_AP022054.1	1	2079	23	2089	0.0	3746.0	99.279	99	2089	2101	0.9895287958115184	0	98.95%	2067.00	Col_BS512__1_pld1
36_R	NZ_AP022076.1	1	2079	23	2100	0.0	3816.0	99.808	99	2100	2101	0.9895287958115184	0	98.95%	2078.00	Col_BS512__1_pld1
36_R	NZ_AP022104.1	1	2079	23	2088	0.0	3744.0	99.279	99	2088	2101	0.9895287958115184	0	98.95%	2066.00	Col_BS512__1_pld1
36_R	NZ_AP022170.1	1	2079	23	2088	0.0	3744.0	99.279	99	2088	2101	0.9895287958115184	0	98.95%	2066.00	Col_BS512__1_pld1
36_R	NZ_AP022212.1	1	2079	23	2089	0.0	3751.0	99.327	99	2089	2101	0.9895287958115184	0	98.95%	2067.00	Col_BS512__1_pld1
36_R	NZ_AP022657.1	396	2101	1	1718	0.0	3085.0	99.186	81	2113	2101	0.8119942884340791	0	81.31%	1718.00	Col_BS512__1_pld1
36_R	NZ_AP023223.2	350	2101	1	1752	0.0	3225.0	99.886	83	2101	2101	0.8338886244645407	0	83.39%	1752.00	Col_BS512__1_pld1
36_R	NZ_AP023234.2	197	2101	1	1905	0.0	3507.0	99.895	91	2101	2101	0.9067110899571632	0	90.67%	1905.00	Col_BS512__1_pld1
36_R	NZ_AP023437.1	79	1673	1	1594	0.0	2911.0	99.624	76	2287	2101	0.7591623036649214	0	69.70%	1594.00	Col_BS512__1_pld1
36_R	NZ_AP027499.1	1	2101	1	2088	0.0	3784.0	99.286	100	2088	2101	1.0	0	100.00%	2088.00	Col_BS512__1_pld1
36	NZ_AP027833.1	112	2101	7761	9747	0.0	3639.0	99.699	95	85393	2101	0.9471680152308424	0	2.33%	1987.00	Col_BS512__1_pld1
36	NZ_AP027842.1	176	2101	1	1926	0.0	3541.0	99.844	92	2101	2101	0.9167063303188958	0	91.67%	1926.00	Col_BS512__1_pld1
36	NZ_AP027977.1	759	2101	1	1343	0.0	2475.0	99.926	100	2089	2101	1.0	0	100.00%	2089.00	Col_BS512__1_pld1
36	NZ_AP027977.1	1	758	1344	2089	0.0	1312.0	98.155	100	2089	2101	1.0	0	100.00%	2089.00	Col_BS512__1_pld1
36	NZ_AP027984.1	464	2101	1	1626	0.0	2942.0	99.206	78	2089	2101	0.7796287482151356	0	77.84%	1626.00	Col_BS512__1_pld1
36_R	NZ_CP008719.1	1268	2101	1	834	0.0	1530.0	99.76	100	2101	2101	1.0	0	100.00%	2101.00	Col_BS512__1_pld1
36_R	NZ_CP008719.1	1	1267	835	2101	0.0	2340.0	100.0	100	2101	2101	1.0	0	100.00%	2101.00	Col_BS512__1_pld1
36_R	NZ_CP011141.1	1478	2101	1	624	0.0	1136.0	99.52	100	2089	2101	1.0	0	100.00%	2089.00	Col_BS512__1_pld1
36_R	NZ_CP011141.1	1	1477	625	2089	0.0	2651.0	99.188	100	2089	2101	1.0	0	100.00%	2089.00	Col_BS512__1_pld1
36_R	NZ_CP023648.1	993	2101	1	1109	0.0	2032.0	99.73	100	2136	2101	0.5278438838648263	0	51.92%	1109.00	Col_BS512__1_pld1
36_R	NZ_CP023838.1	79	2101	1	2011	0.0	3620.0	99.061	96	2089	2101	0.962874821513565	0	96.27%	2011.00	Col_BS512__1_pld1
36	NZ_CP023857.1	1134	2101	1	968	0.0	1788.0	100.0	100	2101	2101	1.0	0	100.00%	2101.00	Col_BS512__1_pld1
36	NZ_CP023857.1	1	1133	969	2101	0.0	2071.0	99.647	100	2101	2101	1.0	0	100.00%	2101.00	Col_BS512__1_pld1
36	NZ_CP023902.1	1	2018	84	2101	0.0	3716.0	99.901	96	2101	2101	0.9604950023798192	0	96.05%	2018.00	Col_BS512__1_pld1
36_R	NZ_CP024803.1	1	1545	556	2088	0.0	2765.0	99.094	74	2088	2101	0.7353641123274631	0	73.42%	1533.00	Col_BS512__1_pld1
36	NZ_CP027132.1	1	2087	15	2101	0.0	3843.0	99.904	99	2101	2101	0.9933365064255116	0	99.33%	2087.00	Col_BS512__1_pld1
36_R	NZ_CP027201.2	359	2101	1	1730	0.0	3107.0	98.967	83	2088	2101	0.8296049500237982	0	82.85%	1730.00	Col_BS512__1_pld1
36	NZ_CP029105.1	113	2101	1	1989	0.0	3663.0	99.899	95	2101	2101	0.9466920514040932	0	94.67%	1989.00	Col_BS512__1_pld1
36	NZ_CP029366.1	1	2006	96	2101	0.0	3694.0	99.9	95	2101	2101	0.9547834364588292	0	95.48%	2006.00	Col_BS512__1_pld1
36	NZ_CP029581.1	770	2101	1	1332	0.0	2460.0	100.0	100	2101	2101	1.0	0	100.00%	2101.00	Col_BS512__1_pld1
36	NZ_CP029581.1	1	769	1333	2101	0.0	1393.0	99.351	100	2101	2101	1.0	0	100.00%	2101.00	Col_BS512__1_pld1
36_R	NZ_CP030115.1	334	2101	1	1780	0.0	3199.0	99.214	84	2113	2101	0.8415040456925273	0	84.24%	1780.00	Col_BS512__1_pld1
36	NZ_CP033398.1	1	1752	350	2088	0.0	3129.0	99.03	83	2088	2101	0.8338886244645407	0	83.29%	1739.00	Col_BS512__1_pld1
36_R	NZ_CP033766.1	17	2101	1	2085	0.0	3840.0	99.904	99	2101	2101	0.9923845787720134	0	99.24%	2085.00	Col_BS512__1_pld1
36_R	NZ_CP034955.1	1250	2101	1	839	0.0	1478.0	98.239	100	2088	2101	1.0	0	100.00%	2088.00	Col_BS512__1_pld1
36_R	NZ_CP034955.1	1	1249	840	2088	0.0	2296.0	99.84	100	2088	2101	1.0	0	100.00%	2088.00	Col_BS512__1_pld1
36	NZ_CP034961.1	71	2101	1	2031	0.0	3740.0	99.902	97	2101	2101	0.9666825321275584	0	96.67%	2031.00	Col_BS512__1_pld1
36_R	NZ_CP041109.1	1	2020	82	2125	0.0	3598.0	98.631	96	2125	2101	0.9614469300333176	0	96.19%	2044.00	Col_BS512__1_pld1
36	NZ_CP043278.1	161	2101	1	1941	0.0	3574.0	99.897	92	2101	2101	0.9238457877201331	0	92.38%	1941.00	Col_BS512__1_pld1
36_R	NZ_CP043341.1	1358	2101	1	731	0.0	1279.0	97.984	100	2088	2101	1.0	0	100.00%	2088.00	Col_BS512__1_pld1
36_R	NZ_CP043341.1	1	1357	732	2088	0.0	2495.0	99.853	100	2088	2101	1.0	0	100.00%	2088.00	Col_BS512__1_pld1
36_R	NZ_CP043411.1	1	1984	118	2101	0.0	3653.0	99.899	94	2101	2101	0.9443122322703474	0	94.43%	1984.00	Col_BS512__1_pld1
36	NZ_CP045788.1	1	1722	380	2101	0.0	3169.0	99.884	82	2101	2101	0.8196097096620657	0	81.96%	1722.00	Col_BS512__1_pld1
36	NZ_CP046288.1	1	2055	47	2089	0.0	3679.0	99.076	98	2089	2101	0.9781056639695384	0	97.80%	2043.00	Col_BS512__1_pld1
36_R	NZ_CP046422.1	618	2101	1	1496	0.0	2675.0	99.065	71	2113	2101	0.7063303188957639	0	70.80%	1496.00	Col_BS512__1_pld1
36_R	NZ_CP048013.1	1040	2101	1	1049	0.0	1866.0	98.588	100	2088	2101	1.0	0	100.00%	2088.00	Col_BS512__1_pld1
36_R	NZ_CP048013.1	1	1039	1050	2088	0.0	1908.0	99.808	100	2088	2101	1.0	0	100.00%	2088.00	Col_BS512__1_pld1
36	NZ_CP048319.1	189	2101	1	1913	0.0	3517.0	99.843	91	2101	2101	0.9105188005711566	0	91.05%	1913.00	Col_BS512__1_pld1
36_R	NZ_CP048348.1	1	1875	227	2088	0.0	3362.0	99.147	89	2088	2101	0.8924321751546882	0	89.18%	1862.00	Col_BS512__1_pld1
36_R	NZ_CP048366.1	1161	2101	1	941	0.0	1722.0	99.682	100	2101	2101	1.0	0	100.00%	2101.00	Col_BS512__1_pld1
36_R	NZ_CP048366.1	1	1160	942	2101	0.0	2143.0	100.0	100	2101	2101	1.0	0	100.00%	2101.00	Col_BS512__1_pld1
36	NZ_CP048370.1	793	2101	1	1309	0.0	2418.0	100.0	100	2089	2101	1.0	0	100.00%	2089.00	Col_BS512__1_pld1
36	NZ_CP048370.1	1	792	1310	2089	0.0	1375.0	98.235	100	2089	2101	1.0	0	100.00%	2089.00	Col_BS512__1_pld1
36_R	NZ_CP048378.1	1	1909	193	2088	0.0	3424.0	99.162	91	2088	2101	0.90861494526416	0	90.80%	1896.00	Col_BS512__1_pld1
36_R	NZ_CP048919.1	354	2101	1	1735	0.0	3121.0	99.027	83	2088	2101	0.831984769157544	0	83.09%	1735.00	Col_BS512__1_pld1
36	NZ_CP049131.1	749	2101	1	1353	0.0	2499.0	100.0	100	2100	2101	1.0	0	100.00%	2100.00	Col_BS512__1_pld1
36	NZ_CP049131.1	1	748	1354	2100	0.0	1358.0	99.466	100	2100	2101	1.0	0	100.00%	2100.00	Col_BS512__1_pld1
36_R	NZ_CP049842.1	754	2101	1	1360	0.0	2423.0	98.971	100	2113	2101	1.0	0	100.00%	2113.00	Col_BS512__1_pld1
36_R	NZ_CP049842.1	1	753	1361	2113	0.0	1391.0	100.0	100	2113	2101	1.0	0	100.00%	2113.00	Col_BS512__1_pld1
36_R	NZ_CP049856.1	754	2101	1	1360	0.0	2423.0	98.971	100	2113	2101	1.0	0	100.00%	2113.00	Col_BS512__1_pld1
36_R	NZ_CP049856.1	1	753	1361	2113	0.0	1391.0	100.0	100	2113	2101	1.0	0	100.00%	2113.00	Col_BS512__1_pld1
36_R	NZ_CP050362.1	1440	2101	1	662	0.0	1212.0	99.698	100	2101	2101	1.0	0	100.00%	2101.00	Col_BS512__1_pld1
36_R	NZ_CP050362.1	1	1439	663	2101	0.0	2658.0	100.0	100	2101	2101	1.0	0	100.00%	2101.00	Col_BS512__1_pld1
36_R	NZ_CP053255.2	229	2101	1	1885	0.0	3393.0	99.258	89	2113	2101	0.8914802475011899	0	89.21%	1885.00	Col_BS512__1_pld1
36	NZ_CP053387.1	1	1358	741	2074	0.0	2187.0	96.029	65	2074	2101	0.6463588767253688	0	64.32%	1334.00	Col_BS512__1_pld1
36_R	NZ_CP053761.1	79	2101	1	2011	0.0	3626.0	99.111	96	2089	2101	0.962874821513565	0	96.27%	2011.00	Col_BS512__1_pld1
36_R	NZ_CP054163.1	1	2101	193	2293	0.0	3869.0	99.905	100	2519	2101	1.0	0	83.41%	2101.00	Col_BS512__1_pld1
36	NZ_CP054218.1	1	1667	435	2113	0.0	3013.0	99.167	79	2113	2101	0.7934316991908615	0	79.46%	1679.00	Col_BS512__1_pld1
36_R	NZ_CP054361.1	1198	2101	1	916	0.0	1604.0	98.473	100	2113	2101	1.0	0	100.00%	2113.00	Col_BS512__1_pld1
36_R	NZ_CP054361.1	1	1197	917	2113	0.0	2211.0	100.0	100	2113	2101	1.0	0	100.00%	2113.00	Col_BS512__1_pld1
36_R	NZ_CP058655.1	355	2101	1	1747	0.0	3216.0	99.886	83	2101	2101	0.8315088053307949	0	83.15%	1747.00	Col_BS512__1_pld1
36	NZ_CP058660.1	1	2003	99	2101	0.0	3688.0	99.9	95	2101	2101	0.9533555449785815	0	95.34%	2003.00	Col_BS512__1_pld1
36_R	NZ_CP058665.1	973	2101	1	1129	0.0	2074.0	99.823	100	2101	2101	1.0	0	100.00%	2101.00	Col_BS512__1_pld1
36_R	NZ_CP058665.1	1	972	1130	2101	0.0	1796.0	100.0	100	2101	2101	1.0	0	100.00%	2101.00	Col_BS512__1_pld1
36	NZ_CP058899.1	625	2101	1	1489	0.0	2673.0	99.194	100	2113	2101	1.0	0	100.00%	2113.00	Col_BS512__1_pld1
36	NZ_CP058899.1	1	624	1490	2113	0.0	1142.0	99.68	100	2113	2101	1.0	0	100.00%	2113.00	Col_BS512__1_pld1
36_R	NZ_CP058920.1	1478	2101	1	624	0.0	1142.0	99.68	100	2113	2101	1.0	0	100.00%	2113.00	Col_BS512__1_pld1
36_R	NZ_CP058920.1	1	1477	625	2113	0.0	2673.0	99.194	100	2113	2101	1.0	0	100.00%	2113.00	Col_BS512__1_pld1
36_R	NZ_CP058924.1	1478	2101	1	624	0.0	1142.0	99.68	100	2101	2101	1.0	0	100.00%	2101.00	Col_BS512__1_pld1
36_R	NZ_CP058924.1	1	1477	625	2101	0.0	2728.0	100.0	100	2101	2101	1.0	0	100.00%	2101.00	Col_BS512__1_pld1
36	NZ_CP059133.1	129	2101	1	1973	0.0	3633.0	99.899	94	2101	2101	0.9390766301761068	0	93.91%	1973.00	Col_BS512__1_pld1
36_R	NZ_CP059338.1	1478	2101	1	624	0.0	1136.0	99.52	100	2101	2101	1.0	0	100.00%	2101.00	Col_BS512__1_pld1
36_R	NZ_CP059338.1	1	1477	625	2101	0.0	2728.0	100.0	100	2101	2101	1.0	0	100.00%	2101.00	Col_BS512__1_pld1
36_R	NZ_CP059341.1	1478	2101	1	624	0.0	1142.0	99.68	99	2113	2101	0.9990480723465016	0	99.91%	2111.00	Col_BS512__1_pld1
36_R	NZ_CP059341.1	1	1475	625	2111	0.0	2669.0	99.193	99	2113	2101	0.9990480723465016	0	99.91%	2111.00	Col_BS512__1_pld1
36	NZ_CP060119.1	1	1743	359	2101	0.0	3208.0	99.885	83	2101	2101	0.8296049500237982	0	82.96%	1743.00	Col_BS512__1_pld1
36_R	NZ_CP060427.1	972	2101	1	1118	0.0	1993.0	98.674	100	2089	2101	1.0	0	100.00%	2089.00	Col_BS512__1_pld1
36_R	NZ_CP060427.1	1	971	1119	2089	0.0	1794.0	100.0	100	2089	2101	1.0	0	100.00%	2089.00	Col_BS512__1_pld1
36	NZ_CP060872.1	1018	2101	1	1084	0.0	1997.0	99.908	100	2100	2101	1.0	0	100.00%	2100.00	Col_BS512__1_pld1
36	NZ_CP060872.1	1	1017	1085	2100	0.0	1855.0	99.607	100	2100	2101	1.0	0	100.00%	2100.00	Col_BS512__1_pld1
36_R	NZ_CP060945.1	362	2101	1	1740	0.0	3197.0	99.828	83	2101	2101	0.8281770585435507	0	82.82%	1740.00	Col_BS512__1_pld1
36_R	NZ_CP060960.1	157	2101	1	1957	0.0	3526.0	99.285	93	2113	2101	0.92574964302713	0	92.62%	1957.00	Col_BS512__1_pld1
36_R	NZ_CP061112.1	1	1583	519	2101	0.0	2924.0	100.0	75	2101	2101	0.7534507377439315	0	75.35%	1583.00	Col_BS512__1_pld1
36	NZ_CP061366.1	1	1837	265	2089	0.0	3304.0	99.238	87	2089	2101	0.8743455497382199	0	87.36%	1825.00	Col_BS512__1_pld1
36	NZ_CP063007.1	1	2090	12	2088	0.0	3764.0	99.283	99	2088	2101	0.9947643979057592	0	99.47%	2077.00	Col_BS512__1_pld1
36_R	NZ_CP064850.1	1	1590	512	2101	0.0	2937.0	100.0	76	2101	2101	0.7567824845311756	0	75.68%	1590.00	Col_BS512__1_pld1
36_R	NZ_CP067254.1	1	1781	321	2101	0.0	3290.0	100.0	85	2101	2101	0.8476915754402665	0	84.77%	1781.00	Col_BS512__1_pld1
36	NZ_CP069211.1	174	2101	1	1928	0.0	3550.0	99.896	92	2101	2101	0.917658257972394	0	91.77%	1928.00	Col_BS512__1_pld1
36_R	NZ_CP069674.1	795	2101	1	1295	0.0	2326.0	98.93	100	2089	2101	1.0	0	100.00%	2089.00	Col_BS512__1_pld1
36_R	NZ_CP069674.1	1	794	1296	2089	0.0	1467.0	100.0	100	2089	2101	1.0	0	100.00%	2089.00	Col_BS512__1_pld1
36_R	NZ_CP069869.1	100	2101	1	2002	0.0	3681.0	99.85	95	2101	2101	0.9528795811518324	0	95.29%	2002.00	Col_BS512__1_pld1
36_R	NZ_CP070004.1	100	2101	1	2002	0.0	3687.0	99.9	95	2101	2101	0.9528795811518324	0	95.29%	2002.00	Col_BS512__1_pld1
36	NZ_CP070031.1	1261	2101	1	841	0.0	1554.0	100.0	100	2102	2101	1.0	0	100.00%	2102.00	Col_BS512__1_pld1
36	NZ_CP070031.1	1	1260	842	2102	0.0	2322.0	99.921	100	2102	2101	1.0	0	100.00%	2102.00	Col_BS512__1_pld1
36_R	NZ_CP070081.1	882	2101	1	1220	0.0	2242.0	99.836	100	2101	2101	1.0	0	100.00%	2101.00	Col_BS512__1_pld1
36_R	NZ_CP070081.1	1	881	1221	2101	0.0	1628.0	100.0	100	2101	2101	1.0	0	100.00%	2101.00	Col_BS512__1_pld1
36_R	NZ_CP070099.1	882	2101	1	1220	0.0	2242.0	99.836	100	2101	2101	1.0	0	100.00%	2101.00	Col_BS512__1_pld1
36_R	NZ_CP070099.1	1	881	1221	2101	0.0	1628.0	100.0	100	2101	2101	1.0	0	100.00%	2101.00	Col_BS512__1_pld1
36	NZ_CP070141.1	798	2101	1	1304	0.0	2409.0	100.0	62	1377	2101	0.6206568300809139	0	94.70%	1304.00	Col_BS512__1_pld1
36_R	NZ_CP070424.1	1	1674	428	2113	0.0	3037.0	99.288	80	2113	2101	0.7967634459781057	0	79.79%	1686.00	Col_BS512__1_pld1
36_R	NZ_CP070444.1	1	1780	322	2113	0.0	3232.0	99.33	85	2113	2101	0.8472156116135173	0	84.81%	1792.00	Col_BS512__1_pld1
36	NZ_CP070458.1	882	2101	1	1220	0.0	2254.0	100.0	100	2113	2101	1.0	0	100.00%	2113.00	Col_BS512__1_pld1
36	NZ_CP070458.1	1	881	1221	2113	0.0	1561.0	98.434	100	2113	2101	1.0	0	100.00%	2113.00	Col_BS512__1_pld1
36_R	NZ_CP072472.1	672	2101	1	1442	0.0	2575.0	99.03	100	2113	2101	1.0	0	100.00%	2113.00	Col_BS512__1_pld1
36_R	NZ_CP072472.1	1	671	1443	2113	0.0	1240.0	100.0	100	2113	2101	1.0	0	100.00%	2113.00	Col_BS512__1_pld1
36	NZ_CP076316.1	931	2101	1	1171	0.0	2163.0	100.0	100	2101	2101	1.0	0	100.00%	2101.00	Col_BS512__1_pld1
36	NZ_CP076316.1	1	930	1172	2101	0.0	1701.0	99.678	100	2101	2101	1.0	0	100.00%	2101.00	Col_BS512__1_pld1
36	NZ_CP076347.1	1136	2101	1	966	0.0	1784.0	100.0	100	2113	2101	1.0	0	100.00%	2113.00	Col_BS512__1_pld1
36	NZ_CP076347.1	1	1135	967	2113	0.0	2030.0	98.78	100	2113	2101	1.0	0	100.00%	2113.00	Col_BS512__1_pld1
36_R	NZ_CP079616.1	450	2101	1	1652	0.0	3040.0	99.879	79	2101	2101	0.786292241789624	0	78.63%	1652.00	Col_BS512__1_pld1
36_R	NZ_CP079691.1	73	2101	1	2029	0.0	3736.0	99.901	97	2101	2101	0.96573060447406	0	96.57%	2029.00	Col_BS512__1_pld1
36_R	NZ_CP080374.1	648	2101	1	1441	0.0	2579.0	98.831	100	2088	2101	1.0	0	100.00%	2088.00	Col_BS512__1_pld1
36_R	NZ_CP080374.1	1	647	1442	2088	0.0	1195.0	100.0	100	2088	2101	1.0	0	100.00%	2088.00	Col_BS512__1_pld1
36_R	NZ_CP081310.1	11	2101	1	2078	0.0	3755.0	99.187	99	2088	2101	0.9952403617325084	0	99.52%	2078.00	Col_BS512__1_pld1
36_R	NZ_CP082051.1	79	2101	1	2026	0.0	3711.0	99.753	96	2104	2101	0.962874821513565	0	96.29%	2026.00	Col_BS512__1_pld1
36_R	NZ_CP082065.1	1048	2101	1	1066	0.0	1881.0	98.688	98	2183	2101	0.9795335554497858	0	94.82%	2070.00	Col_BS512__1_pld1
36_R	NZ_CP082065.1	44	1047	1180	2183	0.0	1855.0	100.0	98	2183	2101	0.9795335554497858	0	94.82%	2070.00	Col_BS512__1_pld1
36_R	NZ_CP082126.1	620	2101	1	1469	0.0	2630.0	98.853	71	2088	2101	0.7053783912422655	0	70.35%	1469.00	Col_BS512__1_pld1
36	NZ_CP082132.1	1	2009	93	2100	0.0	3681.0	99.751	96	2100	2101	0.9562113279390766	0	95.62%	2008.00	Col_BS512__1_pld1
36_R	NZ_CP083080.1	978	2101	1	1124	0.0	2065.0	99.822	100	2101	2101	1.0	0	100.00%	2101.00	Col_BS512__1_pld1
36_R	NZ_CP083080.1	1	977	1125	2101	0.0	1805.0	100.0	100	2101	2101	1.0	0	100.00%	2101.00	Col_BS512__1_pld1
36_R	NZ_CP083708.1	1472	2101	505	1133	0.0	1134.0	99.209	83	2634	2101	0.8300809138505474	0	66.17%	1743.00	Col_BS512__1_pld1
36_R	NZ_CP083708.1	1	1114	1134	2247	0.0	2047.0	99.821	83	2634	2101	0.8300809138505474	0	66.17%	1743.00	Col_BS512__1_pld1
36	NZ_CP085067.1	348	2101	1	1754	0.0	3240.0	100.0	83	2101	2101	0.834840552118039	0	83.48%	1754.00	Col_BS512__1_pld1
36_R	NZ_CP085191.1	1	1956	146	2088	0.0	3506.0	99.131	93	2088	2101	0.9309852451213708	0	93.06%	1943.00	Col_BS512__1_pld1
36_R	NZ_CP091663.1	611	2101	1	1491	0.0	2743.0	99.866	71	2101	2101	0.709662065683008	0	70.97%	1491.00	Col_BS512__1_pld1
36	NZ_CP091690.1	206	2101	1	1896	0.0	3491.0	99.895	90	2101	2101	0.9024274155164208	0	90.24%	1896.00	Col_BS512__1_pld1
36_R	NZ_CP091697.1	634	2101	1	1480	0.0	2645.0	99.055	100	2113	2101	1.0	0	100.00%	2113.00	Col_BS512__1_pld1
36_R	NZ_CP091697.1	1	633	1481	2113	0.0	1170.0	100.0	100	2113	2101	1.0	0	100.00%	2113.00	Col_BS512__1_pld1
36_R	NZ_CP091711.1	1227	2101	1	863	0.0	1522.0	98.288	100	2089	2101	1.0	0	100.00%	2089.00	Col_BS512__1_pld1
36_R	NZ_CP091711.1	1	1226	864	2089	0.0	2265.0	100.0	100	2089	2101	1.0	0	100.00%	2089.00	Col_BS512__1_pld1
36_R	NZ_CP091990.1	124	2101	1	1966	0.0	3559.0	99.242	94	2089	2101	0.9414564493098524	0	94.11%	1966.00	Col_BS512__1_pld1
36	NZ_CP101208.1	273	2101	1	1817	0.0	3295.0	99.289	87	2089	2101	0.8705378391242266	0	86.98%	1817.00	Col_BS512__1_pld1
36_R	NZ_CP101231.1	1	1956	146	2089	0.0	3518.0	99.234	93	2089	2101	0.9309852451213708	0	93.06%	1944.00	Col_BS512__1_pld1
36	NZ_CP102700.1	821	2101	1	1281	0.0	2366.0	100.0	100	2101	2101	1.0	0	100.00%	2101.00	Col_BS512__1_pld1
36	NZ_CP102700.1	1	820	1282	2101	0.0	1504.0	99.756	100	2101	2101	1.0	0	100.00%	2101.00	Col_BS512__1_pld1
36_R	NZ_CP103476.1	516	2101	1	1573	0.0	2833.0	99.055	75	2088	2101	0.7548786292241789	0	75.34%	1573.00	Col_BS512__1_pld1
36_R	NZ_CP103565.1	79	2101	1	2023	0.0	3725.0	99.901	96	2101	2101	0.962874821513565	0	96.29%	2023.00	Col_BS512__1_pld1
36_R	NZ_CP103625.1	343	2101	1	1746	0.0	3153.0	99.148	84	2088	2101	0.8372203712517848	0	83.62%	1746.00	Col_BS512__1_pld1
36_R	NZ_CP103652.1	1048	2101	1	1041	0.0	1851.0	98.577	100	2088	2101	1.0	0	100.00%	2088.00	Col_BS512__1_pld1
36_R	NZ_CP103652.1	1	1047	1042	2088	0.0	1923.0	99.809	100	2088	2101	1.0	0	100.00%	2088.00	Col_BS512__1_pld1
36	NZ_CP104515.1	894	2101	1	1208	0.0	2226.0	99.917	100	2089	2101	1.0	0	100.00%	2089.00	Col_BS512__1_pld1
36	NZ_CP104515.1	1	893	1209	2089	0.0	1555.0	98.322	100	2089	2101	1.0	0	100.00%	2089.00	Col_BS512__1_pld1
36_R	NZ_CP110403.1	1000	2101	1	1090	0.0	1930.0	98.459	100	2089	2101	1.0	0	100.00%	2089.00	Col_BS512__1_pld1
36_R	NZ_CP110403.1	1	999	1091	2089	0.0	1840.0	99.9	100	2089	2101	1.0	0	100.00%	2089.00	Col_BS512__1_pld1
36_R	NZ_CP110409.1	227	2101	1	1863	0.0	3358.0	99.094	89	2089	2101	0.8924321751546882	0	89.18%	1863.00	Col_BS512__1_pld1
36_R	NZ_CP115323.1	1	1977	125	2113	0.0	3585.0	99.296	94	2113	2101	0.9409804854831032	0	94.13%	1989.00	Col_BS512__1_pld1
36_R	NZ_CP115347.1	1	1757	345	2113	0.0	3184.0	99.265	84	2113	2101	0.8362684435982866	0	83.72%	1769.00	Col_BS512__1_pld1
36	NZ_CP115389.1	478	2101	1	1632	0.0	2913.0	98.961	77	2104	2101	0.7729652546406474	0	77.57%	1632.00	Col_BS512__1_pld1
36_R	NZ_CP116105.1	1	2096	6	2101	0.0	3860.0	99.905	99	2101	2101	0.997620180866254	0	99.76%	2096.00	Col_BS512__1_pld1
36_R	NZ_CP116122.1	1	2096	6	2113	0.0	3805.0	99.336	99	2113	2101	0.997620180866254	0	99.76%	2108.00	Col_BS512__1_pld1
36_R	NZ_CP116134.1	1	2096	6	2089	0.0	3777.0	99.285	99	2089	2101	0.997620180866254	0	99.76%	2084.00	Col_BS512__1_pld1
36_R	NZ_CP116143.1	615	2101	1	1475	0.0	2652.0	98.992	71	2089	2101	0.7077582103760114	0	70.61%	1475.00	Col_BS512__1_pld1
36_R	NZ_CP116193.1	1	2096	6	2101	0.0	3860.0	99.905	99	2101	2101	0.997620180866254	0	99.76%	2096.00	Col_BS512__1_pld1
36_R	NZ_CP116196.1	1	2096	6	2101	0.0	3860.0	99.905	99	2101	2101	0.997620180866254	0	99.76%	2096.00	Col_BS512__1_pld1
36	NZ_CP116922.1	999	2101	1	1103	0.0	2037.0	100.0	100	2100	2101	1.0	0	100.00%	2100.00	Col_BS512__1_pld1
36	NZ_CP116922.1	1	998	1104	2100	0.0	1820.0	99.6	100	2100	2101	1.0	0	100.00%	2100.00	Col_BS512__1_pld1
36	NZ_CP123016.1	275	2101	1	1815	0.0	3280.0	99.179	87	2088	2101	0.8695859114707283	0	86.93%	1815.00	Col_BS512__1_pld1
36	NZ_CP123022.1	363	2101	1	1727	0.0	3123.0	99.195	83	2088	2101	0.8277010947168015	0	82.71%	1727.00	Col_BS512__1_pld1
36_R	NZ_CP123027.1	1	1956	146	2088	0.0	3506.0	99.131	93	2088	2101	0.9309852451213708	0	93.06%	1943.00	Col_BS512__1_pld1
36_R	NZ_CP123034.1	1	1957	145	2088	0.0	3507.0	99.131	93	2088	2101	0.93146120894812	0	93.10%	1944.00	Col_BS512__1_pld1
36_R	NZ_CP123039.1	1	1956	146	2088	0.0	3506.0	99.131	93	2088	2101	0.9309852451213708	0	93.06%	1943.00	Col_BS512__1_pld1
36_R	NZ_CP123236.1	629	2101	1	1484	0.0	2647.0	98.991	100	2112	2101	1.0	0	100.00%	2112.00	Col_BS512__1_pld1
36_R	NZ_CP123236.1	1	628	1485	2112	0.0	1160.0	100.0	100	2112	2101	1.0	0	100.00%	2112.00	Col_BS512__1_pld1
36_R	NZ_CP124383.1	673	2101	1	1429	0.0	2628.0	99.86	100	2101	2101	1.0	0	100.00%	2101.00	Col_BS512__1_pld1
36_R	NZ_CP124383.1	1	672	1430	2101	0.0	1242.0	100.0	100	2101	2101	1.0	0	100.00%	2101.00	Col_BS512__1_pld1
36_R	NZ_CP124404.1	1	1808	294	2113	0.0	3284.0	99.341	86	2113	2101	0.8605425987624941	0	86.13%	1820.00	Col_BS512__1_pld1
36	NZ_CP124434.1	208	2101	1	1882	0.0	3404.0	99.208	90	2089	2101	0.9014754878629224	0	90.09%	1882.00	Col_BS512__1_pld1
36_R	NZ_CP127087.1	532	2101	1	1558	0.0	2795.0	98.918	75	2089	2101	0.7472632079961923	0	74.58%	1558.00	Col_BS512__1_pld1
36_R	NZ_CP129244.1	1	1970	209	2165	0.0	3526.0	99.086	94	2165	2101	0.9376487386958592	0	90.39%	1957.00	Col_BS512__1_pld1
36_R	NZ_CP135216.1	1	1594	508	2113	0.0	2889.0	99.253	76	2113	2101	0.7586863398381724	0	76.01%	1606.00	Col_BS512__1_pld1
36_R	NZ_CP135222.1	568	2101	1	1546	0.0	2767.0	99.095	73	2113	2101	0.7301285102332222	0	73.17%	1546.00	Col_BS512__1_pld1
36	NZ_CP135229.1	254	2101	3	1898	0.0	3192.0	97.468	88	2149	2101	0.8795811518324608	0	88.23%	1896.00	Col_BS512__1_pld1
36_R	NZ_CP135282.1	1	1362	706	2067	0.0	2516.0	100.0	65	2067	2101	0.6482627320323655	0	65.89%	1362.00	Col_BS512__1_pld1
36_R	NZ_CP135663.1	1403	2101	5	703	0.0	1280.0	99.714	99	2089	2101	0.9923845787720134	0	99.81%	2085.00	Col_BS512__1_pld1
36_R	NZ_CP135663.1	1	1386	704	2089	0.0	2560.0	100.0	99	2089	2101	0.9923845787720134	0	99.81%	2085.00	Col_BS512__1_pld1
36	NZ_CP135725.1	740	2101	1	1362	0.0	2516.0	100.0	100	2101	2101	1.0	0	100.00%	2101.00	Col_BS512__1_pld1
36	NZ_CP135725.1	1	739	1363	2101	0.0	1354.0	99.73	100	2101	2101	1.0	0	100.00%	2101.00	Col_BS512__1_pld1
36_R	NZ_CP140509.1	1162	2101	1	940	0.0	1725.0	99.787	100	2101	2101	1.0	0	100.00%	2101.00	Col_BS512__1_pld1
36_R	NZ_CP140509.1	1	1161	941	2101	0.0	2145.0	100.0	100	2101	2101	1.0	0	100.00%	2101.00	Col_BS512__1_pld1
36	NZ_CP140633.1	1	1544	558	2089	0.0	2747.0	98.9	73	2089	2101	0.7348881485007139	0	73.34%	1532.00	Col_BS512__1_pld1
36	NZ_CP142952.1	374	2101	1	1728	0.0	3192.0	100.0	82	2101	2101	0.8224654926225606	0	82.25%	1728.00	Col_BS512__1_pld1
36_R	NZ_CP145626.1	270	2101	1	1856	0.0	3262.0	98.6	87	2125	2101	0.871965730604474	0	87.34%	1856.00	Col_BS512__1_pld1
36_R	NZ_CP145644.1	816	2101	1	1274	0.0	2287.0	98.912	100	2089	2101	1.0	0	100.00%	2089.00	Col_BS512__1_pld1
36_R	NZ_CP145644.1	1	815	1275	2089	0.0	1506.0	100.0	100	2089	2101	1.0	0	100.00%	2089.00	Col_BS512__1_pld1
36	NZ_CP145654.1	1162	2101	1	940	0.0	1736.0	100.0	100	2088	2101	1.0	0	100.00%	2088.00	Col_BS512__1_pld1
36	NZ_CP145654.1	1	1161	941	2088	0.0	2049.0	98.709	100	2088	2101	1.0	0	100.00%	2088.00	Col_BS512__1_pld1
36_R	NZ_CP145688.1	1	1727	375	2101	0.0	3190.0	100.0	82	2101	2101	0.8219895287958116	0	82.20%	1727.00	Col_BS512__1_pld1
36	NZ_CP146293.2	1	1521	581	2101	0.0	2793.0	99.803	72	2101	2101	0.723940980485483	0	72.39%	1521.00	Col_BS512__1_pld1
36_R	NZ_CP146299.2	79	2101	1	2011	0.0	3626.0	99.111	96	2089	2101	0.962874821513565	0	96.27%	2011.00	Col_BS512__1_pld1
36_R	NZ_CP148415.1	1040	2101	1	1050	0.0	1868.0	98.589	100	2089	2101	1.0	0	100.00%	2089.00	Col_BS512__1_pld1
36_R	NZ_CP148415.1	1	1039	1051	2089	0.0	1914.0	99.904	100	2089	2101	1.0	0	100.00%	2089.00	Col_BS512__1_pld1
36	NZ_CP148452.1	1063	2101	1	1039	0.0	1914.0	99.904	100	2089	2101	1.0	0	100.00%	2089.00	Col_BS512__1_pld1
36	NZ_CP148452.1	1	1062	1040	2089	0.0	1868.0	98.589	100	2089	2101	1.0	0	100.00%	2089.00	Col_BS512__1_pld1
36	NZ_CP148490.1	1063	2101	1	1039	0.0	1914.0	99.904	100	2089	2101	1.0	0	100.00%	2089.00	Col_BS512__1_pld1
36	NZ_CP148490.1	1	1062	1040	2089	0.0	1868.0	98.589	100	2089	2101	1.0	0	100.00%	2089.00	Col_BS512__1_pld1
36	NZ_CP148504.1	944	2101	1	1158	0.0	2134.0	99.914	100	2089	2101	1.0	0	100.00%	2089.00	Col_BS512__1_pld1
36	NZ_CP148504.1	1	943	1159	2089	0.0	1648.0	98.411	100	2089	2101	1.0	0	100.00%	2089.00	Col_BS512__1_pld1
36_R	NZ_CP148515.1	1159	2101	1	931	0.0	1653.0	98.517	100	2089	2101	1.0	0	100.00%	2089.00	Col_BS512__1_pld1
36_R	NZ_CP148515.1	1	1158	932	2089	0.0	2122.0	99.741	100	2089	2101	1.0	0	100.00%	2089.00	Col_BS512__1_pld1
36_R	NZ_CP149251.1	1	1996	106	2101	0.0	3675.0	99.9	95	2101	2101	0.9500237981913374	0	95.00%	1996.00	Col_BS512__1_pld1
36_R	NZ_CP149331.1	1159	2101	1	943	0.0	1720.0	99.576	100	2101	2101	1.0	0	100.00%	2101.00	Col_BS512__1_pld1
36_R	NZ_CP149331.1	1	1158	944	2101	0.0	2139.0	100.0	100	2101	2101	1.0	0	100.00%	2101.00	Col_BS512__1_pld1
36_R	NZ_CP151295.1	497	2101	1	1596	0.0	2689.0	97.03	76	2092	2101	0.7639219419324131	0	76.29%	1596.00	Col_BS512__1_pld1
36_R	NZ_CP151310.1	1225	2101	1	877	0.0	1604.0	99.658	100	2101	2101	1.0	0	100.00%	2101.00	Col_BS512__1_pld1
36_R	NZ_CP151310.1	1	1224	878	2101	0.0	2261.0	100.0	100	2101	2101	1.0	0	100.00%	2101.00	Col_BS512__1_pld1
36_R	NZ_CP151322.1	79	2101	1	2011	0.0	3626.0	99.111	96	2089	2101	0.962874821513565	0	96.27%	2011.00	Col_BS512__1_pld1
36_R	NZ_CP151342.1	79	2101	1	2023	0.0	3720.0	99.852	96	2101	2101	0.962874821513565	0	96.29%	2023.00	Col_BS512__1_pld1
36_R	NZ_CP151356.1	79	2101	1	2023	0.0	3720.0	99.852	96	2101	2101	0.962874821513565	0	96.29%	2023.00	Col_BS512__1_pld1
36_R	NZ_CP151363.1	79	2101	1	2023	0.0	3720.0	99.852	96	2101	2101	0.962874821513565	0	96.29%	2023.00	Col_BS512__1_pld1
36_R	NZ_CP151371.1	79	2101	1	2011	0.0	3626.0	99.111	96	2089	2101	0.962874821513565	0	96.27%	2011.00	Col_BS512__1_pld1
36_R	NZ_CP151381.1	79	2101	1	2023	0.0	3720.0	99.852	96	2101	2101	0.962874821513565	0	96.29%	2023.00	Col_BS512__1_pld1
36_R	NZ_CP151390.1	79	2101	1	2011	0.0	3626.0	99.111	96	2089	2101	0.962874821513565	0	96.27%	2011.00	Col_BS512__1_pld1
36_R	NZ_CP151401.1	79	2101	1	2023	0.0	3720.0	99.852	96	2101	2101	0.962874821513565	0	96.29%	2023.00	Col_BS512__1_pld1
36_R	NZ_CP151675.1	1	1890	212	2089	0.0	3402.0	99.26	90	2089	2101	0.8995716325559258	0	89.90%	1878.00	Col_BS512__1_pld1
36	NZ_LR595694.1	683	2101	27	1445	0.0	2604.0	99.789	98	2088	2101	0.9819133745835316	0	98.75%	2062.00	Col_BS512__1_pld1
36	NZ_LR595694.1	1	644	1446	2088	0.0	1171.0	99.534	98	2088	2101	0.9819133745835316	0	98.75%	2062.00	Col_BS512__1_pld1
36_R	NZ_LR890414.1	64	2101	1	2050	0.0	3698.0	99.317	97	2113	2101	0.9700142789148024	0	97.02%	2050.00	Col_BS512__1_pld1
36	NZ_LR890540.1	687	2101	1	1415	0.0	2614.0	100.0	100	2102	2101	1.0	0	100.00%	2102.00	Col_BS512__1_pld1
36	NZ_LR890540.1	1	686	1416	2102	0.0	1262.0	99.854	100	2102	2101	1.0	0	100.00%	2102.00	Col_BS512__1_pld1
36_R	NZ_LR898884.1	1	1614	487	2073	0.0	2324.0	92.954	77	2073	2101	0.7682056163731557	0	76.56%	1587.00	Col_BS512__1_pld1
36	NZ_OP242305.1	1	2021	81	2101	0.0	3722.0	99.901	96	2101	2101	0.9619228938600668	0	96.19%	2021.00	Col_BS512__1_pld1
36_R	NZ_OU015344.1	1	1757	345	2089	0.0	3168.0	99.317	84	2089	2101	0.8362684435982866	0	83.53%	1745.00	Col_BS512__1_pld1
36	NZ_OW849067.1	627	2101	1	1475	0.0	2719.0	99.932	100	2102	2101	1.0	0	100.00%	2102.00	Col_BS512__1_pld1
36	NZ_OW849067.1	1	626	1476	2102	0.0	1151.0	99.841	100	2102	2101	1.0	0	100.00%	2102.00	Col_BS512__1_pld1
36	NZ_OW967804.1	1143	2101	1	959	0.0	1760.0	99.791	100	2088	2101	1.0	0	100.00%	2088.00	Col_BS512__1_pld1
36	NZ_OW967804.1	1	1142	960	2088	0.0	2013.0	98.687	100	2088	2101	1.0	0	100.00%	2088.00	Col_BS512__1_pld1
36_R	NZ_OX030736.1	1	1841	261	2101	0.0	3395.0	99.946	88	2101	2101	0.8762494050452165	0	87.62%	1841.00	Col_BS512__1_pld1
36_R	NZ_OZ038810.1	1048	2101	1	1054	0.0	1936.0	99.81	100	2101	2101	1.0	0	100.00%	2101.00	Col_BS512__1_pld1
36_R	NZ_OZ038810.1	1	1047	1055	2101	0.0	1934.0	100.0	100	2101	2101	1.0	0	100.00%	2101.00	Col_BS512__1_pld1
36_R	NZ_OZ039051.1	1048	2101	1	1054	0.0	1925.0	99.621	100	2101	2101	1.0	0	100.00%	2101.00	Col_BS512__1_pld1
36_R	NZ_OZ039051.1	1	1047	1055	2101	0.0	1923.0	99.809	100	2101	2101	1.0	0	100.00%	2101.00	Col_BS512__1_pld1
36_R	NZ_OZ040272.1	79	1428	1	1350	0.0	2494.0	100.0	96	2185	2101	0.6425511661113755	0	61.78%	1350.00	Col_BS512__1_pld1
36	OW968394.1	269	2101	2	1810	0.0	3230.0	98.691	87	2077	2101	0.8724416944312232	0	87.10%	1809.00	Col_BS512__1_pld1
36_R	OW969723.1	969	2101	1	1133	0.0	2076.0	99.735	100	2101	2101	1.0	0	100.00%	2101.00	Col_BS512__1_pld1
36_R	OW969723.1	1	968	1134	2101	0.0	1788.0	100.0	100	2101	2101	1.0	0	100.00%	2101.00	Col_BS512__1_pld1
