qseqid	sseqid	qstart	qend	sstart	send	evalue	bitscore	pident	qcovs	slen	qlen	q_perc_aligned	overlapped_bases	coverage_percentage	bases_covered	gene_name
29	AP020334.1	340	2268	1	1929	0.0	2856.0	92.713	38	6237	5139	0.3753648569760653	0	30.93%	1929.00	Col440II_1_pld1
29_R	AP028471.1	2997	5139	1	2143	0.0	3865.0	100.0	42	3223	5139	0.4170071998443277	0	66.49%	2143.00	Col440II_1_pld1
29_R	AP028475.1	3385	5138	1	1756	0.0	2474.0	91.406	34	5280	5139	0.341311539209963	0	33.26%	1756.00	Col440II_1_pld1
29_R	AP028489.1	1521	4106	648	3223	0.0	4183.0	96.069	50	3223	5139	0.5032107413893754	0	79.93%	2576.00	Col440II_1_pld1
29_R	AP028528.1	2200	5139	1	2940	0.0	5294.0	99.932	57	3223	5139	0.5720957384705195	0	91.22%	2940.00	Col440II_1_pld1
29_R	AP028532.1	1521	3878	876	3223	0.0	3772.0	95.691	46	3223	5139	0.4588441330998248	0	72.85%	2348.00	Col440II_1_pld1
29	AP028554.1	94	3303	1	3209	0.0	5718.0	99.533	62	3223	5139	0.6246351430239346	0	99.57%	3209.00	Col440II_1_pld1
29_R	AP028560.1	2063	5139	1	3077	0.0	5541.0	99.935	60	3223	5139	0.5987546215216968	0	95.47%	3077.00	Col440II_1_pld1
29_R	AP028570.1	1521	3890	864	3223	0.0	3793.0	95.712	46	3223	5139	0.4611792177466433	0	73.22%	2360.00	Col440II_1_pld1
29_R	AP028573.1	1521	3890	864	3223	0.0	3793.0	95.712	46	3223	5139	0.4611792177466433	0	73.22%	2360.00	Col440II_1_pld1
29_R	CP024487.1	3276	5139	1	1864	0.0	3362.0	100.0	70	3223	5139	0.7042226114029967	0	100.00%	3223.00	Col440II_1_pld1
29_R	CP024487.1	1521	3275	1479	3223	0.0	2689.0	94.274	70	3223	5139	0.7042226114029967	0	100.00%	3223.00	Col440II_1_pld1
29_R	CP024503.1	1521	4703	51	3223	0.0	5264.0	96.836	62	3223	5139	0.6193812025685931	0	98.45%	3173.00	Col440II_1_pld1
29	CP024514.1	1727	3619	1	1497	0.0	2938.0	94.69	70	3223	5139	0.7042226114029966	386	100.00%	3223.00	Col440II_1_pld1
29	CP024514.1	1	1726	1498	3223	0.0	3113.0	100.0	70	3223	5139	0.7042226114029966	0	100.00%	3223.00	Col440II_1_pld1
29	CP024519.1	1	3223	1	3223	0.0	5813.0	100.0	63	3223	5139	0.627164818057988	0	100.00%	3223.00	Col440II_1_pld1
29_R	CP024520.1	118	2033	1	1916	0.0	3456.0	100.0	37	1916	5139	0.372835181942012	0	100.00%	1916.00	Col440II_1_pld1
29	CP052331.1	177	3303	1	3126	0.0	5573.0	99.552	61	3223	5139	0.6084841408834404	0	96.99%	3126.00	Col440II_1_pld1
29	CP052342.1	34	3250	1	3216	0.0	5776.0	99.845	63	3223	5139	0.6259972757345788	0	99.78%	3216.00	Col440II_1_pld1
29_R	CP054340.1	2893	5138	709	2952	0.0	3140.0	91.063	44	4773	5139	0.4370500097295193	0	47.01%	2244.00	Col440II_1_pld1
29_R	CP056980.1	2894	5138	816	3067	0.0	3135.0	91.03	44	4018	5139	0.4368554193422845	0	56.05%	2252.00	Col440II_1_pld1
29	CP057687.1	2	2246	642	2894	0.0	3105.0	90.68	44	4245	5139	0.4368554193422845	0	53.07%	2253.00	Col440II_1_pld1
29	CP057701.1	691	2246	1	1556	0.0	2360.0	93.638	30	4018	5139	0.3027826425374586	0	38.73%	1556.00	Col440II_1_pld1
29	CP065862.1	1	2762	462	3223	0.0	4977.0	99.964	54	3223	5139	0.5374586495427126	0	85.70%	2762.00	Col440II_1_pld1
29	CP066326.1	2697	4318	707	2301	0.0	2456.0	93.865	32	2579	5139	0.3156256080949601	0	61.85%	1595.00	Col440II_1_pld1
29	CP068405.1	2	2275	1574	3853	0.0	3219.0	91.517	44	5089	5139	0.4424985405720957	0	44.80%	2280.00	Col440II_1_pld1
29	CP068406.1	1489	3619	1	2121	0.0	3362.0	95.234	41	3223	5139	0.4146721151975092	0	65.81%	2121.00	Col440II_1_pld1
29	CP073306.1	1590	3619	1	1634	0.0	3185.0	95.047	70	3223	5139	0.7042226114029967	386	100.00%	3223.00	Col440II_1_pld1
29	CP073306.1	1	1589	1635	3223	0.0	2866.0	100.0	70	3223	5139	0.7042226114029967	0	100.00%	3223.00	Col440II_1_pld1
29	CP073308.1	2	2154	1944	4096	0.0	2921.0	90.3	42	4096	5139	0.4189531037166764	0	52.56%	2153.00	Col440II_1_pld1
29_R	CP077069.1	2894	5138	1473	3714	0.0	3252.0	92.301	44	7870	5139	0.4368554193422845	0	56.95%	4482.00	Col440II_1_pld1
29_R	CP077069.1	2894	5138	5513	7752	0.0	3245.0	92.256	44	7870	5139	0.4368554193422845	0	56.95%	4482.00	Col440II_1_pld1
29	CP077254.1	2	2074	2165	4245	0.0	2845.0	90.44	40	4245	5139	0.4033858727378867	0	49.02%	2081.00	Col440II_1_pld1
29	CP077355.1	2	2074	2165	4245	0.0	2845.0	90.44	40	4245	5139	0.4033858727378867	0	49.02%	2081.00	Col440II_1_pld1
29_R	CP082443.1	2933	5139	1	2207	0.0	3981.0	100.0	43	3223	5139	0.4294609846273594	0	68.48%	2207.00	Col440II_1_pld1
29	CP082458.1	2	2247	1925	4167	0.0	3246.0	92.078	44	4657	5139	0.4370500097295193	0	48.16%	2243.00	Col440II_1_pld1
29_R	CP082470.1	2893	5138	1950	4197	0.0	3258.0	92.263	44	4681	5139	0.4370500097295193	0	48.02%	2248.00	Col440II_1_pld1
29_R	CP082505.1	2894	5138	466	2709	0.0	3253.0	92.219	44	4460	5139	0.4368554193422845	0	50.31%	2244.00	Col440II_1_pld1
29	CP082517.1	2	2247	1705	3952	0.0	3258.0	92.263	44	4673	5139	0.4370500097295193	0	48.11%	2248.00	Col440II_1_pld1
29_R	CP082550.1	2893	5138	1561	3808	0.0	3258.0	92.263	44	4681	5139	0.4370500097295193	0	48.02%	2248.00	Col440II_1_pld1
29_R	CP082559.1	2893	5138	1998	4245	0.0	3258.0	92.263	44	4674	5139	0.4370500097295193	0	48.10%	2248.00	Col440II_1_pld1
29_R	CP082561.1	2865	5138	718	2997	0.0	3291.0	92.112	44	3660	5139	0.4424985405720957	0	62.30%	2280.00	Col440II_1_pld1
29_R	CP082576.1	2893	5138	2175	4422	0.0	3258.0	92.263	44	4674	5139	0.4370500097295193	0	48.10%	2248.00	Col440II_1_pld1
29	CP082593.1	1393	3619	1	2217	0.0	3540.0	95.483	43	3223	5139	0.4333527923720568	0	68.79%	2217.00	Col440II_1_pld1
29_R	CP082597.1	2893	5138	145	2392	0.0	3258.0	92.263	44	4674	5139	0.4370500097295193	0	48.10%	2248.00	Col440II_1_pld1
29	CP082635.1	1318	3619	1	2292	0.0	3675.0	95.63	45	3223	5139	0.4479470714146721	0	71.11%	2292.00	Col440II_1_pld1
29	CP082682.1	317	2247	1	1932	0.0	2913.0	93.478	38	4674	5139	0.3757540377505351	0	41.34%	1932.00	Col440II_1_pld1
29	CP082689.1	258	2246	1	1992	0.0	2870.0	92.068	39	4018	5139	0.3870402802101576	0	49.58%	1992.00	Col440II_1_pld1
29_R	CP082690.1	1521	5138	2128	5732	0.0	5536.0	94.101	70	11509	5139	0.7040280210157618	0	31.32%	3605.00	Col440II_1_pld1
29_R	CP082741.1	1521	4304	451	3224	0.0	4544.0	96.384	54	3253	5139	0.5417396380618797	0	85.28%	2774.00	Col440II_1_pld1
29	CP082743.1	576	2247	1	1672	0.0	2529.0	93.541	33	4674	5139	0.3253551274567036	0	35.77%	1672.00	Col440II_1_pld1
29_R	CP082745.1	1521	4303	451	3223	0.0	4543.0	96.383	54	3223	5139	0.5415450476746448	0	86.04%	2773.00	Col440II_1_pld1
29_R	CP091130.1	1521	4691	63	3223	0.0	5238.0	96.792	62	3223	5139	0.6170461179217747	0	98.08%	3161.00	Col440II_1_pld1
29_R	CP093101.1	3070	5139	1	2070	0.0	3734.0	100.0	70	3223	5139	0.7042226114029966	0	100.00%	3223.00	Col440II_1_pld1
29_R	CP093101.1	1521	3069	1685	3223	0.0	2317.0	93.517	70	3223	5139	0.7042226114029966	0	100.00%	3223.00	Col440II_1_pld1
29_R	CP093107.1	1855	5074	5	3223	0.0	5772.0	99.783	63	3223	5139	0.6265810468962834	0	99.88%	3219.00	Col440II_1_pld1
29	CP093137.1	2	2247	113	2355	0.0	3237.0	91.989	44	4659	5139	0.4370500097295193	0	48.14%	2243.00	Col440II_1_pld1
29_R	CP094902.1	3057	5139	1	2083	0.0	3748.0	99.904	70	3223	5139	0.7042226114029966	0	100.00%	3223.00	Col440II_1_pld1
29_R	CP094902.1	1521	3056	1698	3223	0.0	2289.0	93.398	70	3223	5139	0.7042226114029966	0	100.00%	3223.00	Col440II_1_pld1
29_R	CP098949.1	2893	5138	413	2655	0.0	3232.0	91.945	44	6334	5139	0.4370500097295193	0	35.41%	2243.00	Col440II_1_pld1
29_R	CP099023.1	2894	5138	23	2274	0.0	3042.0	90.221	44	5564	5139	0.4368554193422845	0	40.47%	2252.00	Col440II_1_pld1
29	CP099105.1	2	2246	1694	3946	0.0	3105.0	90.68	44	4245	5139	0.4368554193422845	0	53.07%	2253.00	Col440II_1_pld1
29	CP099711.1	312	3543	1	3223	0.0	5374.0	97.007	63	3223	5139	0.6289161315431018	0	100.00%	3223.00	Col440II_1_pld1
29	CP110590.1	287	3588	2546	5857	0.0	5121.0	94.628	64	34918	5139	0.6425374586495427	0	18.92%	6606.00	Col440II_1_pld1
29	CP110590.1	287	3588	19970	23263	0.0	5480.0	96.95	64	34918	5139	0.6425374586495427	0	18.92%	6606.00	Col440II_1_pld1
29_R	CP123668.1	1521	4295	459	3223	0.0	4528.0	96.372	54	3223	5139	0.5399883245767659	0	85.79%	2765.00	Col440II_1_pld1
29_R	CP123690.1	2872	5138	1108	3375	0.0	3275.0	91.953	44	6238	5139	0.4411364078614516	0	36.36%	2268.00	Col440II_1_pld1
29_R	CP123696.1	3335	5139	1	1805	0.0	3256.0	100.0	70	3223	5139	0.7042226114029966	0	100.00%	3223.00	Col440II_1_pld1
29_R	CP123696.1	1521	3334	1420	3223	0.0	2795.0	94.46	70	3223	5139	0.7042226114029966	0	100.00%	3223.00	Col440II_1_pld1
29	CP123709.1	1031	3619	1	2579	0.0	4193.0	96.112	50	3223	5139	0.50379451255108	0	80.02%	2579.00	Col440II_1_pld1
29	CP124983.1	606	2247	1	1642	0.0	2448.0	93.057	32	4773	5139	0.3195174158396575	0	34.40%	1642.00	Col440II_1_pld1
29	CP125055.1	2	2247	1418	3664	0.0	3228.0	91.948	44	5753	5139	0.4370500097295193	0	39.06%	2247.00	Col440II_1_pld1
29_R	CP125062.1	2893	5138	2023	4266	0.0	3140.0	91.063	44	4773	5139	0.4370500097295193	0	47.01%	2244.00	Col440II_1_pld1
29_R	LR890243.1	2034	5139	1	3106	0.0	5602.0	100.0	60	3223	5139	0.604397742751508	0	96.37%	3106.00	Col440II_1_pld1
29	LR890244.1	3224	5139	1	1916	0.0	3456.0	100.0	37	1916	5139	0.372835181942012	0	100.00%	1916.00	Col440II_1_pld1
29	LR890454.1	1	2476	748	3223	0.0	4466.0	100.0	48	3223	5139	0.4818057987935396	0	76.82%	2476.00	Col440II_1_pld1
29	LR890455.1	2729	4673	1	1916	0.0	3088.0	95.333	38	1916	5139	0.3784783031718233	0	100.00%	1916.00	Col440II_1_pld1
29_R	LR890534.1	1521	4725	29	3223	0.0	5304.0	96.857	62	3223	5139	0.6236621910877602	0	99.13%	3195.00	Col440II_1_pld1
29_R	LR890560.1	1977	5139	1	3163	0.0	5705.0	100.0	62	3223	5139	0.6154893948238958	0	98.14%	3163.00	Col440II_1_pld1
29_R	LR890561.1	61	1976	1	1916	0.0	3456.0	100.0	37	1916	5139	0.372835181942012	0	100.00%	1916.00	Col440II_1_pld1
29	LR890647.1	2	1854	2763	4616	0.0	2681.0	92.183	36	4616	5139	0.3605759875462152	0	40.16%	1854.00	Col440II_1_pld1
29_R	NC_001848.1	2893	5029	2492	4623	0.0	3073.0	92.146	42	4656	5139	0.4158396575209184	0	45.79%	2132.00	Col440II_1_pld1
29	NC_003456.1	2	2246	421	2673	0.0	3101.0	90.636	44	4245	5139	0.4368554193422845	0	53.07%	2253.00	Col440II_1_pld1
29	NC_010796.1	2	2275	1733	4012	0.0	3219.0	91.517	44	4241	5139	0.4424985405720957	0	53.76%	2280.00	Col440II_1_pld1
29_R	NC_019103.1	823	2443	895	2488	0.0	2454.0	93.861	32	2750	5139	0.3154310177077252	0	57.96%	1594.00	Col440II_1_pld1
29_R	NC_019132.1	2893	5021	2605	4735	0.0	3034.0	91.647	41	4775	5139	0.4142829344230395	0	44.63%	2131.00	Col440II_1_pld1
29_R	NC_019133.1	2893	5124	79	2300	0.0	3200.0	91.85	43	5931	5139	0.4343257443082312	0	37.46%	2222.00	Col440II_1_pld1
29	NC_019279.1	2700	4317	1	1591	0.0	2449.0	93.85	31	2702	5139	0.3148472465460206	0	58.88%	1591.00	Col440II_1_pld1
29_R	NC_021843.1	2893	5138	1080	3327	0.0	3258.0	92.263	44	4675	5139	0.4370500097295193	0	48.09%	2248.00	Col440II_1_pld1
29_R	NC_021869.1	2893	5138	1015	3258	0.0	3126.0	90.929	44	4773	5139	0.4370500097295193	0	47.01%	2244.00	Col440II_1_pld1
29_R	NC_025003.1	2893	5124	79	2300	0.0	3200.0	91.85	43	5933	5139	0.4343257443082312	0	37.45%	2222.00	Col440II_1_pld1
29	NZ_AP021980.1	2	2246	1598	3835	0.0	3123.0	91.063	44	4550	5139	0.4368554193422845	0	49.19%	2238.00	Col440II_1_pld1
29	NZ_AP021991.1	2	1821	240	2053	0.0	2557.0	91.269	35	8370	5139	0.3541545047674644	0	21.67%	1814.00	Col440II_1_pld1
29_R	NZ_AP022024.1	2894	5138	2993	5237	0.0	3275.0	92.486	44	5669	5139	0.4368554193422845	0	39.60%	2245.00	Col440II_1_pld1
29_R	NZ_AP022026.1	2870	5138	1568	3843	0.0	3286.0	92.095	44	4616	5139	0.4415255886359214	0	49.31%	2276.00	Col440II_1_pld1
29	NZ_AP022131.1	339	2247	1	1908	0.0	2615.0	90.414	37	4666	5139	0.371473049231368	0	40.89%	1908.00	Col440II_1_pld1
29	NZ_AP022416.1	340	2239	1	1900	0.0	2850.0	93.263	37	3789	5139	0.3697217357462541	0	50.15%	1900.00	Col440II_1_pld1
29_R	NZ_AP025849.1	2872	5138	2375	4642	0.0	3279.0	91.996	44	4760	5139	0.4411364078614516	0	47.65%	2268.00	Col440II_1_pld1
29_R	NZ_AP025853.1	3289	5138	1	1851	0.0	2700.0	92.382	36	4760	5139	0.3599922163845106	0	38.89%	1851.00	Col440II_1_pld1
29	NZ_AP025861.1	2	1734	3027	4760	0.0	2552.0	92.676	34	4760	5139	0.3372251410780307	0	36.43%	1734.00	Col440II_1_pld1
29	NZ_AP025865.1	2	1734	3027	4760	0.0	2552.0	92.676	34	4760	5139	0.3372251410780307	0	36.43%	1734.00	Col440II_1_pld1
29_R	NZ_AP025869.1	2872	5138	1312	3579	0.0	3279.0	91.996	44	4760	5139	0.4411364078614516	0	47.65%	2268.00	Col440II_1_pld1
29	NZ_AP025873.1	2	2268	854	3121	0.0	3279.0	91.996	44	4760	5139	0.4411364078614516	0	47.65%	2268.00	Col440II_1_pld1
29	NZ_AP025877.1	2	2268	610	2877	0.0	3279.0	91.996	44	4760	5139	0.4411364078614516	0	47.65%	2268.00	Col440II_1_pld1
29	NZ_AP025881.1	324	2268	1	1945	0.0	2885.0	92.773	38	4760	5139	0.3784783031718233	0	40.86%	1945.00	Col440II_1_pld1
29	NZ_AP025885.1	2	1717	3042	4758	0.0	2535.0	92.778	33	4760	5139	0.3339171044950379	0	36.07%	1717.00	Col440II_1_pld1
29	NZ_AP025889.1	2	1717	3042	4758	0.0	2535.0	92.778	33	4760	5139	0.3339171044950379	0	36.07%	1717.00	Col440II_1_pld1
29	NZ_AP025897.1	2	2268	503	2770	0.0	3279.0	91.996	44	4760	5139	0.4411364078614516	0	47.65%	2268.00	Col440II_1_pld1
29_R	NZ_AP025901.1	2872	5138	1312	3579	0.0	3279.0	91.996	44	4760	5139	0.4411364078614516	0	47.65%	2268.00	Col440II_1_pld1
29_R	NZ_AP025905.1	3191	5138	1	1949	0.0	2867.0	92.663	38	4760	5139	0.3790620743335279	0	40.95%	1949.00	Col440II_1_pld1
29	NZ_AP025913.1	530	2268	1	1739	0.0	2559.0	92.493	34	4760	5139	0.3383926834014399	0	36.53%	1739.00	Col440II_1_pld1
29_R	NZ_AP025917.1	3076	5138	1	2064	0.0	3066.0	92.975	40	4760	5139	0.401439968865538	0	43.36%	2064.00	Col440II_1_pld1
29_R	NZ_AP025921.1	2872	5138	1739	4006	0.0	3279.0	91.996	44	4760	5139	0.4411364078614516	0	47.65%	2268.00	Col440II_1_pld1
29	NZ_AP025925.1	2	2268	867	3134	0.0	3279.0	91.996	44	4760	5139	0.4411364078614516	0	47.65%	2268.00	Col440II_1_pld1
29	NZ_AP025929.1	2	2268	914	3181	0.0	3279.0	91.996	44	4760	5139	0.4411364078614516	0	47.65%	2268.00	Col440II_1_pld1
29_R	NZ_AP025934.1	2872	5138	2374	4641	0.0	3279.0	91.996	44	4760	5139	0.4411364078614516	0	47.65%	2268.00	Col440II_1_pld1
29_R	NZ_AP026399.1	2893	5138	8	2252	0.0	3269.0	92.441	44	4438	5139	0.4370500097295193	0	50.59%	2245.00	Col440II_1_pld1
29_R	NZ_AP026428.1	3344	5138	1	1794	0.0	2587.0	92.158	35	4635	5139	0.3492897450865927	0	38.71%	1794.00	Col440II_1_pld1
29	NZ_AP027549.1	458	2247	1	1790	0.0	2647.0	92.793	35	4386	5139	0.3483167931504183	0	40.81%	1790.00	Col440II_1_pld1
29_R	NZ_AP028313.1	2357	5139	1	2783	0.0	5015.0	99.964	54	3223	5139	0.5415450476746448	0	86.35%	2783.00	Col440II_1_pld1
29_R	NZ_CP003994.1	2377	5139	1	2763	0.0	4983.0	100.0	54	3223	5139	0.5376532399299475	0	85.73%	2763.00	Col440II_1_pld1
29	NZ_CP006638.1	2	2247	1454	3700	0.0	3241.0	92.082	44	5754	5139	0.4370500097295193	0	39.05%	2247.00	Col440II_1_pld1
29	NZ_CP010375.2	2	2247	1167	3413	0.0	3156.0	91.3	44	5007	5139	0.4370500097295193	0	44.88%	2247.00	Col440II_1_pld1
29	NZ_CP011569.1	1897	3619	1	1327	0.0	2626.0	94.111	70	3223	5139	0.7042226114029966	386	100.00%	3223.00	Col440II_1_pld1
29	NZ_CP011569.1	1	1896	1328	3223	0.0	3411.0	99.895	70	3223	5139	0.7042226114029966	0	100.00%	3223.00	Col440II_1_pld1
29	NZ_CP011604.1	1	2557	667	3223	0.0	4612.0	100.0	50	3223	5139	0.4975676201595641	0	79.34%	2557.00	Col440II_1_pld1
29_R	NZ_CP011606.1	2940	5138	4	2202	0.0	2964.0	90.095	43	4310	5139	0.4279042615294804	0	51.02%	2199.00	Col440II_1_pld1
29	NZ_CP011637.1	1	2355	869	3223	0.0	4248.0	100.0	46	3223	5139	0.4582603619381202	0	73.07%	2355.00	Col440II_1_pld1
29	NZ_CP011652.1	1826	3619	1	1398	0.0	2759.0	94.398	70	3223	5139	0.7042226114029966	386	100.00%	3223.00	Col440II_1_pld1
29	NZ_CP011652.1	1	1825	1399	3223	0.0	3292.0	100.0	70	3223	5139	0.7042226114029966	0	100.00%	3223.00	Col440II_1_pld1
29_R	NZ_CP011658.1	3614	5139	1	1526	0.0	2744.0	99.869	70	3223	5139	0.7042226114029966	0	100.00%	3223.00	Col440II_1_pld1
29_R	NZ_CP011658.1	1521	3613	1141	3223	0.0	3294.0	95.147	70	3223	5139	0.7042226114029966	0	100.00%	3223.00	Col440II_1_pld1
29	NZ_CP012991.1	912	3619	1	2698	0.0	4403.0	96.246	53	3223	5139	0.5269507686320296	0	83.71%	2698.00	Col440II_1_pld1
29	NZ_CP014305.2	912	3619	1	2698	0.0	4403.0	96.246	53	3223	5139	0.5269507686320296	0	83.71%	2698.00	Col440II_1_pld1
29	NZ_CP016532.1	2	2246	421	2673	0.0	3105.0	90.68	44	4245	5139	0.4368554193422845	0	53.07%	2253.00	Col440II_1_pld1
29	NZ_CP016866.1	440	2247	1	1808	0.0	2756.0	93.805	35	4675	5139	0.351819420120646	0	38.67%	1808.00	Col440II_1_pld1
29	NZ_CP016867.1	1	2694	530	3223	0.0	4859.0	100.0	52	3223	5139	0.5242265032107414	0	83.59%	2694.00	Col440II_1_pld1
29	NZ_CP017582.1	2	2275	209	2489	0.0	3256.0	91.772	44	4277	5139	0.4424985405720957	0	53.33%	2281.00	Col440II_1_pld1
29_R	NZ_CP017583.1	2865	4859	2344	4344	0.0	2947.0	92.654	39	4368	5139	0.3882078225335668	0	45.81%	2001.00	Col440II_1_pld1
29_R	NZ_CP018666.1	2646	5139	1	2494	0.0	4494.0	99.96	49	3223	5139	0.4853084257637672	0	77.38%	2494.00	Col440II_1_pld1
29	NZ_CP018981.1	2	2246	7470	9721	0.0	3135.0	91.03	44	14029	5139	0.4368554193422845	0	16.05%	2252.00	Col440II_1_pld1
29	NZ_CP019997.1	2	2246	421	2672	0.0	3135.0	91.03	44	4018	5139	0.4368554193422845	0	56.05%	2252.00	Col440II_1_pld1
29	NZ_CP024494.1	1931	3619	1	1293	0.0	2570.0	94.052	70	3223	5139	0.7042226114029966	386	100.00%	3223.00	Col440II_1_pld1
29	NZ_CP024494.1	1	1930	1294	3223	0.0	3481.0	100.0	70	3223	5139	0.7042226114029966	0	100.00%	3223.00	Col440II_1_pld1
29_R	NZ_CP025247.1	822	2443	723	2317	0.0	2456.0	93.865	32	2579	5139	0.3156256080949601	0	61.85%	1595.00	Col440II_1_pld1
29	NZ_CP029438.1	363	2239	1	1877	0.0	2854.0	93.713	37	14106	5139	0.3652461568398521	0	13.31%	1877.00	Col440II_1_pld1
29_R	NZ_CP029444.1	2646	5139	1	2494	0.0	4498.0	100.0	49	3223	5139	0.4853084257637672	0	77.38%	2494.00	Col440II_1_pld1
29_R	NZ_CP030192.1	2865	4722	2234	4096	0.0	2773.0	93.026	36	4096	5139	0.3615489394823896	0	45.48%	1863.00	Col440II_1_pld1
29	NZ_CP032843.1	2	2268	2839	5106	0.0	3275.0	91.953	44	6237	5139	0.4411364078614516	0	36.36%	2268.00	Col440II_1_pld1
29	NZ_CP032845.1	514	2247	1	1734	0.0	2379.0	90.427	34	4048	5139	0.3374197314652656	0	42.84%	1734.00	Col440II_1_pld1
29_R	NZ_CP032884.1	3021	5138	1	2115	0.0	3078.0	92.261	41	4658	5139	0.4121424401634559	0	45.41%	2115.00	Col440II_1_pld1
29	NZ_CP035206.1	2	2069	4296	6364	0.0	3075.0	92.992	40	6364	5139	0.4024129208017123	0	32.51%	2069.00	Col440II_1_pld1
29_R	NZ_CP036173.1	2893	5138	1018	3263	0.0	3274.0	92.393	44	4418	5139	0.4370500097295193	0	50.84%	2246.00	Col440II_1_pld1
29	NZ_CP037740.1	312	3543	1	3223	0.0	5378.0	97.038	63	3223	5139	0.6289161315431018	0	100.00%	3223.00	Col440II_1_pld1
29	NZ_CP038599.1	747	3619	1	2863	0.0	4705.0	96.495	56	3223	5139	0.5590581825257832	0	88.83%	2863.00	Col440II_1_pld1
29	NZ_CP038603.1	2	2268	3802	6069	0.0	3275.0	91.953	44	6237	5139	0.4411364078614516	0	36.36%	2268.00	Col440II_1_pld1
29	NZ_CP038655.1	16	2247	2136	4357	0.0	3200.0	91.85	43	5584	5139	0.4343257443082312	0	39.79%	2222.00	Col440II_1_pld1
29_R	NZ_CP038660.1	3199	5124	1	1916	0.0	2729.0	91.489	37	4051	5139	0.3747810858143607	0	47.30%	1916.00	Col440II_1_pld1
29_R	NZ_CP039273.1	2872	5138	1263	3530	0.0	3275.0	91.953	44	6237	5139	0.4411364078614516	0	36.36%	2268.00	Col440II_1_pld1
29	NZ_CP039281.1	2	2246	728	2979	0.0	3140.0	91.075	44	4018	5139	0.4368554193422845	0	56.05%	2252.00	Col440II_1_pld1
29	NZ_CP039330.1	2	2205	2041	4251	0.0	2991.0	90.266	43	4251	5139	0.4288772134656547	0	52.01%	2211.00	Col440II_1_pld1
29_R	NZ_CP039571.1	2893	5138	874	3119	0.0	3274.0	92.393	44	4418	5139	0.4370500097295193	0	50.84%	2246.00	Col440II_1_pld1
29	NZ_CP039574.1	2	2247	1107	3352	0.0	3274.0	92.393	44	4418	5139	0.4370500097295193	0	50.84%	2246.00	Col440II_1_pld1
29	NZ_CP040323.1	2	2246	3198	5443	0.0	3298.0	92.612	44	5491	5139	0.4368554193422845	0	40.90%	2246.00	Col440II_1_pld1
29_R	NZ_CP042529.1	2368	5139	1	2772	0.0	4986.0	99.892	54	3223	5139	0.5394045534150613	0	86.01%	2772.00	Col440II_1_pld1
29	NZ_CP042539.1	2051	3619	1	1173	0.0	2349.0	93.536	70	3223	5139	0.7042226114029966	386	100.00%	3223.00	Col440II_1_pld1
29	NZ_CP042539.1	1	2050	1174	3223	0.0	3689.0	99.902	70	3223	5139	0.7042226114029966	0	100.00%	3223.00	Col440II_1_pld1
29	NZ_CP042544.1	1644	3619	1	1580	0.0	3083.0	94.861	70	3223	5139	0.7042226114029967	386	100.00%	3223.00	Col440II_1_pld1
29	NZ_CP042544.1	1	1643	1581	3223	0.0	2955.0	99.878	70	3223	5139	0.7042226114029967	0	100.00%	3223.00	Col440II_1_pld1
29_R	NZ_CP042554.1	2872	5138	1016	3283	0.0	3279.0	91.996	44	4760	5139	0.4411364078614516	0	47.65%	2268.00	Col440II_1_pld1
29_R	NZ_CP042570.1	1984	5139	1	3156	0.0	5683.0	99.937	61	3223	5139	0.6141272621132516	0	97.92%	3156.00	Col440II_1_pld1
29_R	NZ_CP043510.1	2893	5138	1593	3835	0.0	3246.0	92.078	44	4657	5139	0.4370500097295193	0	48.16%	2243.00	Col440II_1_pld1
29_R	NZ_CP043663.1	2894	5138	875	3126	0.0	3135.0	91.03	44	4018	5139	0.4368554193422845	0	56.05%	2252.00	Col440II_1_pld1
29	NZ_CP044040.1	1163	3619	1	2447	0.0	3955.0	95.904	48	3223	5139	0.478108581436077	0	75.92%	2447.00	Col440II_1_pld1
29	NZ_CP044112.1	1	3158	66	3223	0.0	5696.0	100.0	61	3223	5139	0.6145164428877213	0	97.98%	3158.00	Col440II_1_pld1
29_R	NZ_CP045765.1	2893	5138	736	2979	0.0	3126.0	90.929	44	4773	5139	0.4370500097295193	0	47.01%	2244.00	Col440II_1_pld1
29	NZ_CP047408.1	2	2247	1593	3836	0.0	3153.0	91.196	44	4367	5139	0.4370500097295193	0	51.39%	2244.00	Col440II_1_pld1
29	NZ_CP047761.1	545	2268	2	1725	0.0	2541.0	92.543	34	6237	5139	0.3354738275929169	0	27.64%	1724.00	Col440II_1_pld1
29_R	NZ_CP048358.1	1521	3770	984	3223	0.0	3577.0	95.485	44	3223	5139	0.4378283712784588	0	69.50%	2240.00	Col440II_1_pld1
29_R	NZ_CP051134.1	2872	5138	2540	4810	0.0	3265.0	91.875	44	9522	5139	0.4411364078614516	0	23.85%	2271.00	Col440II_1_pld1
29	NZ_CP051331.1	169	2246	1	2081	0.0	2976.0	91.831	40	4018	5139	0.4043588246740611	0	51.79%	2081.00	Col440II_1_pld1
29	NZ_CP054983.1	2	1679	2334	4018	0.0	2297.0	90.445	33	4018	5139	0.3265226697801128	0	41.94%	1685.00	Col440II_1_pld1
29_R	NZ_CP055417.1	2865	5138	1871	4160	0.0	3096.0	90.275	44	5585	5139	0.4424985405720957	0	41.00%	2290.00	Col440II_1_pld1
29	NZ_CP056189.1	2	2247	1394	3633	0.0	3171.0	91.459	44	4196	5139	0.4370500097295193	0	53.38%	2240.00	Col440II_1_pld1
29_R	NZ_CP056198.1	141	2053	1	1915	0.0	3433.0	99.843	37	1917	5139	0.3722514107803074	0	99.90%	1915.00	Col440II_1_pld1
29	NZ_CP056227.1	1253	3619	1	2357	0.0	3788.0	95.707	46	3223	5139	0.4605954465849387	0	73.13%	2357.00	Col440II_1_pld1
29_R	NZ_CP056352.1	2893	4926	6296	8329	0.0	2933.0	92.039	40	8329	5139	0.3957968476357268	0	24.42%	2034.00	Col440II_1_pld1
29	NZ_CP056367.1	2	2227	1874	4102	0.0	3180.0	91.745	43	7720	5139	0.4331582019848219	0	28.87%	2229.00	Col440II_1_pld1
29_R	NZ_CP056379.1	2894	4654	2258	4018	0.0	2622.0	93.015	34	4018	5139	0.3426736719206071	0	43.83%	1761.00	Col440II_1_pld1
29_R	NZ_CP056380.1	1	1533	384	1916	0.0	2765.0	100.0	30	1916	5139	0.2983070636310566	0	80.01%	1533.00	Col440II_1_pld1
29_R	NZ_CP056440.1	1	1696	221	1917	0.0	3044.0	99.823	33	1917	5139	0.3300252967503405	0	88.52%	1697.00	Col440II_1_pld1
29_R	NZ_CP056488.1	2865	5138	2278	4567	0.0	3096.0	90.275	44	6785	5139	0.4424985405720957	0	33.75%	2290.00	Col440II_1_pld1
29	NZ_CP056689.1	2	2247	2233	4479	0.0	3223.0	91.904	44	5754	5139	0.4370500097295193	0	39.05%	2247.00	Col440II_1_pld1
29	NZ_CP058144.1	3194	5109	1	1917	0.0	3441.0	99.844	37	1917	5139	0.372835181942012	0	100.00%	1917.00	Col440II_1_pld1
29_R	NZ_CP058179.1	2865	4435	2521	4096	0.0	2346.0	93.025	31	4096	5139	0.3057014983459817	0	38.48%	1576.00	Col440II_1_pld1
29	NZ_CP058724.1	465	2246	1	1782	0.0	2642.0	92.873	35	4017	5139	0.3467600700525394	0	44.36%	1782.00	Col440II_1_pld1
29	NZ_CP060069.1	2	1775	2687	4459	0.0	2498.0	91.339	35	4461	5139	0.3452033469546604	0	39.74%	1773.00	Col440II_1_pld1
29_R	NZ_CP061766.1	2095	5139	1	3045	0.0	5455.0	99.672	59	3256	5139	0.5925277291301809	0	93.52%	3045.00	Col440II_1_pld1
29	NZ_CP063002.1	267	3491	1	3216	0.0	5416.0	97.34	63	3223	5139	0.6275539988324577	0	99.78%	3216.00	Col440II_1_pld1
29_R	NZ_CP063336.1	2893	5138	2382	4624	0.0	3246.0	92.078	44	4655	5139	0.4370500097295193	0	48.18%	2243.00	Col440II_1_pld1
29_R	NZ_CP063338.1	2893	5138	5547	7789	0.0	3219.0	91.811	44	10567	5139	0.4370500097295193	0	21.23%	2243.00	Col440II_1_pld1
29_R	NZ_CP065170.1	1521	4223	531	3223	0.0	4398.0	96.276	53	3223	5139	0.5259778166958552	0	83.56%	2693.00	Col440II_1_pld1
29	NZ_CP066135.1	1	2769	417	3186	0.0	4988.0	99.964	54	3186	5139	0.5388207822533567	0	86.94%	2770.00	Col440II_1_pld1
29_R	NZ_CP067317.1	1521	4653	101	3223	0.0	5169.0	96.754	61	3223	5139	0.6096516832068496	0	96.90%	3123.00	Col440II_1_pld1
29_R	NZ_CP069468.1	2894	5138	5907	8158	0.0	3135.0	91.03	44	11379	5139	0.4368554193422845	0	19.79%	2252.00	Col440II_1_pld1
29	NZ_CP069688.1	2	2246	1467	3718	0.0	3135.0	91.03	44	4018	5139	0.4368554193422845	0	56.05%	2252.00	Col440II_1_pld1
29_R	NZ_CP069836.1	822	2443	603	2197	0.0	2456.0	93.865	32	2579	5139	0.3156256080949601	0	61.85%	1595.00	Col440II_1_pld1
29_R	NZ_CP069877.1	1	1905	12	1917	0.0	3430.0	99.948	37	1917	5139	0.3706946876824284	0	99.43%	1906.00	Col440II_1_pld1
29	NZ_CP069901.1	1366	3619	1	2244	0.0	3584.0	95.493	44	3223	5139	0.4386067328273983	0	69.62%	2244.00	Col440II_1_pld1
29	NZ_CP069942.1	1071	3619	1	2539	0.0	4121.0	96.052	50	3179	5139	0.4960108970616851	0	79.87%	2539.00	Col440II_1_pld1
29	NZ_CP070030.1	2	2074	2165	4245	0.0	2845.0	90.44	40	4245	5139	0.4033858727378867	0	49.02%	2081.00	Col440II_1_pld1
29	NZ_CP070040.1	3252	5139	1	1889	0.0	3399.0	99.947	37	1917	5139	0.3673866510994357	0	98.54%	1889.00	Col440II_1_pld1
29_R	NZ_CP070181.1	822	2443	134	1728	0.0	2456.0	93.865	32	2579	5139	0.3156256080949601	0	61.85%	1595.00	Col440II_1_pld1
29_R	NZ_CP070585.1	2503	5139	1	2637	0.0	4756.0	100.0	51	3223	5139	0.5131348511383538	0	81.82%	2637.00	Col440II_1_pld1
29	NZ_CP070913.1	2933	4782	66	1917	0.0	3234.0	98.812	36	1917	5139	0.3599922163845106	0	96.61%	1852.00	Col440II_1_pld1
29_R	NZ_CP071085.1	2894	5138	405	2656	0.0	3056.0	90.354	44	4251	5139	0.4368554193422845	0	52.98%	2252.00	Col440II_1_pld1
29_R	NZ_CP071268.1	1521	4688	66	3223	0.0	5237.0	96.821	62	3223	5139	0.6164623467600701	0	97.98%	3158.00	Col440II_1_pld1
29	NZ_CP072957.1	1174	3619	1	2436	0.0	3930.0	95.845	48	3223	5139	0.4759680871764934	0	75.58%	2436.00	Col440II_1_pld1
29	NZ_CP072966.1	1645	3619	1	1579	0.0	3081.0	94.859	70	3223	5139	0.7042226114029966	386	100.00%	3223.00	Col440II_1_pld1
29	NZ_CP072966.1	1	1644	1580	3223	0.0	2961.0	99.939	70	3223	5139	0.7042226114029966	0	100.00%	3223.00	Col440II_1_pld1
29_R	NZ_CP073775.1	1837	5008	53	3223	0.0	5650.0	99.527	62	3223	5139	0.6172407083090096	0	98.39%	3171.00	Col440II_1_pld1
29_R	NZ_CP073966.1	2893	5138	2521	4764	0.0	3162.0	91.285	44	4772	5139	0.4370500097295193	0	47.02%	2244.00	Col440II_1_pld1
29	NZ_CP073983.1	2697	4318	194	1788	0.0	2456.0	93.865	32	2579	5139	0.3156256080949601	0	61.85%	1595.00	Col440II_1_pld1
29_R	NZ_CP074017.1	822	2443	240	1834	0.0	2456.0	93.865	32	2579	5139	0.3156256080949601	0	61.85%	1595.00	Col440II_1_pld1
29_R	NZ_CP077410.1	2640	5139	1	2500	0.0	4505.0	99.96	49	3223	5139	0.4864759680871764	0	77.57%	2500.00	Col440II_1_pld1
29_R	NZ_CP083788.1	2870	5138	314	2589	0.0	3313.0	92.358	44	4616	5139	0.4415255886359214	0	49.31%	2276.00	Col440II_1_pld1
29	NZ_CP083839.1	16	2247	3132	5353	0.0	3200.0	91.85	43	5933	5139	0.4343257443082312	0	37.45%	2222.00	Col440II_1_pld1
29	NZ_CP084507.1	291	2241	3601	5552	0.0	2782.0	91.65	38	6920	5139	0.3796458454952325	0	28.21%	1952.00	Col440II_1_pld1
29_R	NZ_CP084668.1	2893	4832	1874	3814	0.0	2920.0	93.405	38	3814	5139	0.3775053512356489	0	50.89%	1941.00	Col440II_1_pld1
29_R	NZ_CP084817.1	352	2207	1	1857	0.0	3256.0	98.923	36	1916	5139	0.3611597587079198	0	96.92%	1857.00	Col440II_1_pld1
29	NZ_CP084850.1	2	2246	1615	3866	0.0	3135.0	91.03	44	4018	5139	0.4368554193422845	0	56.05%	2252.00	Col440II_1_pld1
29_R	NZ_CP086227.1	2894	5138	727	2978	0.0	3135.0	91.03	44	4018	5139	0.4368554193422845	0	56.05%	2252.00	Col440II_1_pld1
29	NZ_CP086478.1	2	1688	3089	4773	0.0	2312.0	90.473	33	4773	5139	0.3282739832652267	0	35.30%	1685.00	Col440II_1_pld1
29	NZ_CP086498.1	2	2247	1	2244	0.0	3140.0	91.063	44	4773	5139	0.4370500097295193	0	47.01%	2244.00	Col440II_1_pld1
29_R	NZ_CP086508.1	2893	5138	1881	4124	0.0	3140.0	91.063	44	4773	5139	0.4370500097295193	0	47.01%	2244.00	Col440II_1_pld1
29_R	NZ_CP086518.1	2893	4523	3143	4773	0.0	2428.0	93.01	32	4773	5139	0.3173769215800739	0	34.17%	1631.00	Col440II_1_pld1
29	NZ_CP089002.1	2933	4821	27	1916	0.0	3311.0	98.889	37	1916	5139	0.3675812414866705	0	98.64%	1890.00	Col440II_1_pld1
29	NZ_CP090309.1	590	2247	1	1658	0.0	2315.0	90.953	32	4665	5139	0.3226308620354154	0	35.54%	1658.00	Col440II_1_pld1
29	NZ_CP091686.1	2	2247	2493	4739	0.0	3219.0	91.859	44	5755	5139	0.4370500097295193	0	39.04%	2247.00	Col440II_1_pld1
29_R	NZ_CP091817.1	2894	5138	9561	11810	0.0	3114.0	90.897	44	15469	5139	0.4368554193422845	0	14.55%	2250.00	Col440II_1_pld1
29_R	NZ_CP091818.1	2894	5138	140	2391	0.0	3135.0	91.03	44	4018	5139	0.4368554193422845	0	56.05%	2252.00	Col440II_1_pld1
29_R	NZ_CP092003.1	2894	5138	1123	3374	0.0	3135.0	91.03	44	4018	5139	0.4368554193422845	0	56.05%	2252.00	Col440II_1_pld1
29_R	NZ_CP092008.1	2893	5138	1144	3387	0.0	3140.0	91.063	44	4774	5139	0.4370500097295193	0	47.00%	2244.00	Col440II_1_pld1
29_R	NZ_CP093925.1	3262	5138	1	1875	0.0	2569.0	90.426	37	4773	5139	0.3652461568398521	0	39.28%	1875.00	Col440II_1_pld1
29_R	NZ_CP097850.1	2894	5138	1123	3374	0.0	3131.0	90.986	44	4018	5139	0.4368554193422845	0	56.05%	2252.00	Col440II_1_pld1
29_R	NZ_CP097854.1	2894	5138	1123	3374	0.0	3131.0	90.986	44	4018	5139	0.4368554193422845	0	56.05%	2252.00	Col440II_1_pld1
29	NZ_CP099224.1	2	2275	2450	4737	0.0	3089.0	90.188	44	5461	5139	0.4424985405720957	0	41.90%	2288.00	Col440II_1_pld1
29_R	NZ_CP099264.1	2870	5138	1243	3497	0.0	3232.0	91.48	44	4215	5139	0.4415255886359214	0	53.50%	2255.00	Col440II_1_pld1
29_R	NZ_CP099725.1	2893	4616	2932	4655	0.0	2582.0	93.213	34	4657	5139	0.3354738275929169	0	37.02%	1724.00	Col440II_1_pld1
29	NZ_CP100675.1	2	1805	2208	4018	0.0	2475.0	90.502	35	4018	5139	0.3510410585717065	0	45.07%	1811.00	Col440II_1_pld1
29_R	NZ_CP100721.1	2894	5138	1360	3612	0.0	3101.0	90.636	44	4245	5139	0.4368554193422845	0	53.07%	2253.00	Col440II_1_pld1
29	NZ_CP102759.1	2	2247	1509	3751	0.0	3246.0	92.078	44	4657	5139	0.4370500097295193	0	48.16%	2243.00	Col440II_1_pld1
29	NZ_CP103497.1	2	2268	1318	3585	0.0	3279.0	91.996	44	4760	5139	0.4411364078614516	0	47.65%	2268.00	Col440II_1_pld1
29	NZ_CP103526.1	461	2247	1	1787	0.0	2628.0	92.613	35	4773	5139	0.3477330219887137	0	37.44%	1787.00	Col440II_1_pld1
29	NZ_CP103682.1	461	2275	1	1820	0.0	2691.0	92.806	35	4096	5139	0.3531815528312901	0	44.43%	1820.00	Col440II_1_pld1
29	NZ_CP103686.1	461	2275	1	1820	0.0	2691.0	92.806	35	4096	5139	0.3531815528312901	0	44.43%	1820.00	Col440II_1_pld1
29_R	NZ_CP103725.1	2640	5139	1	2500	0.0	4500.0	99.92	49	3223	5139	0.4864759680871764	0	77.57%	2500.00	Col440II_1_pld1
29	NZ_CP103736.1	2	2069	1942	4016	0.0	2897.0	91.133	40	4017	5139	0.4024129208017123	0	51.66%	2075.00	Col440II_1_pld1
29_R	NZ_CP104686.1	1521	4723	31	3223	0.0	5291.0	96.793	62	3223	5139	0.6232730103132905	0	99.07%	3193.00	Col440II_1_pld1
29	NZ_CP107150.1	2	2246	1383	3634	0.0	3056.0	90.354	44	4251	5139	0.4368554193422845	0	52.98%	2252.00	Col440II_1_pld1
29	NZ_CP114360.1	36	3259	1	3223	0.0	5775.0	99.752	63	3223	5139	0.6273594084452228	0	100.00%	3223.00	Col440II_1_pld1
29	NZ_CP114806.1	2	2247	1431	3674	0.0	3097.0	90.736	44	5775	5139	0.4370500097295193	0	38.86%	2244.00	Col440II_1_pld1
29	NZ_CP114991.1	1270	3619	1	2340	0.0	3753.0	95.634	46	3223	5139	0.4572874100019459	0	72.60%	2340.00	Col440II_1_pld1
29	NZ_CP115007.1	2	1758	3001	4758	0.0	2586.0	92.662	34	4760	5139	0.3418953103716676	0	36.93%	1758.00	Col440II_1_pld1
29	NZ_CP115020.1	2	1801	3056	4850	0.0	2597.0	92.06	35	4947	5139	0.3502626970227671	0	36.28%	1795.00	Col440II_1_pld1
29_R	NZ_CP115677.1	3297	5139	1	1843	0.0	3324.0	100.0	70	4911	5139	0.3586300836738665	0	37.53%	1843.00	Col440II_1_pld1
29	NZ_CP115692.1	2	2268	5	2272	0.0	3279.0	91.996	44	6237	5139	0.4411364078614516	0	36.36%	2268.00	Col440II_1_pld1
29	NZ_CP117175.1	723	3619	1	2887	0.0	4748.0	96.524	56	3223	5139	0.5637283518194202	0	89.57%	2887.00	Col440II_1_pld1
29_R	NZ_CP117192.1	2894	5138	888	3139	0.0	3135.0	91.03	44	4018	5139	0.4368554193422845	0	56.05%	2252.00	Col440II_1_pld1
29_R	NZ_CP117626.1	2893	5138	166	2408	0.0	3246.0	92.078	44	4657	5139	0.4370500097295193	0	48.16%	2243.00	Col440II_1_pld1
29	NZ_CP117633.1	2	2247	1791	4033	0.0	3250.0	92.123	44	4657	5139	0.4370500097295193	0	48.16%	2243.00	Col440II_1_pld1
29_R	NZ_CP117738.1	2894	5110	533	2749	0.0	3164.0	91.704	43	6999	5139	0.4314068884997081	0	31.68%	2217.00	Col440II_1_pld1
29_R	NZ_CP117757.1	1521	3751	1003	3223	0.0	3543.0	95.446	43	3223	5139	0.4341311539209963	0	68.91%	2221.00	Col440II_1_pld1
29	NZ_CP118388.1	365	2247	1	1883	0.0	2581.0	90.388	37	4665	5139	0.3664136991632613	0	40.36%	1883.00	Col440II_1_pld1
29	NZ_CP119556.1	1	2103	1121	3223	0.0	3793.0	100.0	41	3223	5139	0.4092235843549329	0	65.25%	2103.00	Col440II_1_pld1
29	NZ_CP120673.1	2	2247	1455	3702	0.0	3195.0	91.641	44	5754	5139	0.4370500097295193	0	39.07%	2248.00	Col440II_1_pld1
29_R	NZ_CP122466.1	3182	5138	2	1965	0.0	2697.0	90.631	38	4018	5139	0.3808133878186417	0	48.88%	1964.00	Col440II_1_pld1
29	NZ_CP123434.1	541	3619	1	3069	0.0	5067.0	96.665	60	3223	5139	0.5991438022961666	0	95.22%	3069.00	Col440II_1_pld1
29	NZ_CP126765.1	2	2268	494	2761	0.0	3279.0	91.996	44	4760	5139	0.4411364078614516	0	47.65%	2268.00	Col440II_1_pld1
29_R	NZ_CP126771.1	3540	5138	1	1600	0.0	2333.0	92.375	31	4760	5139	0.3111500291885581	0	33.61%	1600.00	Col440II_1_pld1
29	NZ_CP126797.1	1264	3619	1	2346	0.0	3773.0	95.729	46	3223	5139	0.4584549523253551	0	72.79%	2346.00	Col440II_1_pld1
29	NZ_CP133288.1	48	2247	1	2196	0.0	3183.0	92.091	43	4657	5139	0.4280988519167153	0	47.15%	2196.00	Col440II_1_pld1
29_R	NZ_CP133400.1	3159	5138	1	1977	0.0	2847.0	91.923	39	4657	5139	0.3852889667250437	0	42.45%	1977.00	Col440II_1_pld1
29_R	NZ_CP133424.1	2893	5138	1576	3818	0.0	3246.0	92.078	44	4657	5139	0.4370500097295193	0	48.16%	2243.00	Col440II_1_pld1
29	NZ_CP135118.1	402	2268	1	1867	0.0	2754.0	92.579	36	4440	5139	0.3633002529675034	0	42.05%	1867.00	Col440II_1_pld1
29	NZ_CP135209.1	1	2414	810	3223	0.0	4345.0	99.917	47	3223	5139	0.4697411947849776	0	74.90%	2414.00	Col440II_1_pld1
29	NZ_CP135230.1	2	2246	1811	4063	0.0	3105.0	90.68	44	5073	5139	0.4368554193422845	0	44.41%	2253.00	Col440II_1_pld1
29_R	NZ_CP138425.1	2894	4710	3013	4826	0.0	2689.0	93.014	35	10293	5139	0.3535707336057598	0	35.27%	3630.00	Col440II_1_pld1
29_R	NZ_CP138425.1	2894	4710	8157	9972	0.0	2719.0	93.231	35	10293	5139	0.3535707336057598	0	35.27%	3630.00	Col440II_1_pld1
29_R	NZ_CP138433.1	2865	5138	3570	5855	0.0	3100.0	90.362	44	18210	5139	0.4424985405720957	0	37.65%	6856.00	Col440II_1_pld1
29_R	NZ_CP138433.1	2865	5138	9641	11923	0.0	3085.0	90.275	44	18210	5139	0.4424985405720957	0	37.65%	6856.00	Col440II_1_pld1
29_R	NZ_CP138433.1	2865	5138	15705	17991	0.0	3103.0	90.362	44	18210	5139	0.4424985405720957	0	37.65%	6856.00	Col440II_1_pld1
29	NZ_CP138791.1	2	2270	53	2328	0.0	3308.0	92.314	44	4236	5139	0.4415255886359214	0	53.73%	2276.00	Col440II_1_pld1
29_R	NZ_CP138798.1	2893	5138	1869	4123	0.0	3084.0	90.419	44	6847	5139	0.4370500097295193	0	32.93%	2255.00	Col440II_1_pld1
29_R	NZ_CP139851.1	2944	5139	1	2197	0.0	3946.0	99.863	43	3198	5139	0.4273204903677758	0	68.70%	2197.00	Col440II_1_pld1
29_R	NZ_CP139852.1	2973	5138	3	2167	0.0	3230.0	93.173	42	3361	5139	0.4214827787507297	0	64.42%	2165.00	Col440II_1_pld1
29	NZ_CP140492.1	635	2275	1	1647	0.0	2516.0	93.868	32	4514	5139	0.3193228254524226	0	36.49%	1647.00	Col440II_1_pld1
29_R	NZ_CP140631.1	822	2443	652	2246	0.0	2456.0	93.865	32	2579	5139	0.3156256080949601	0	61.85%	1595.00	Col440II_1_pld1
29_R	NZ_CP141851.1	2455	5139	1	2685	0.0	4843.0	100.0	52	3223	5139	0.5224751897256276	0	83.31%	2685.00	Col440II_1_pld1
29	NZ_CP141908.1	2	2246	2	2253	0.0	3135.0	91.03	44	4018	5139	0.4368554193422845	0	56.05%	2252.00	Col440II_1_pld1
29	NZ_CP142237.1	2	1772	10744	12514	0.0	2468.0	90.971	34	12514	5139	0.3446195757929558	0	14.15%	1771.00	Col440II_1_pld1
29	NZ_CP142269.1	2	1802	6397	8196	0.0	2482.0	90.677	35	8338	5139	0.3504572874100019	0	21.59%	1800.00	Col440II_1_pld1
29	NZ_CP142294.1	2	1802	10640	12441	0.0	2503.0	90.844	35	12464	5139	0.3504572874100019	0	14.46%	1802.00	Col440II_1_pld1
29_R	NZ_CP142301.1	3611	5138	2	1530	0.0	2083.0	90.255	30	20708	5139	0.2973341116948823	0	7.38%	1529.00	Col440II_1_pld1
29_R	NZ_CP142317.1	3338	5138	111	1913	0.0	2497.0	90.793	35	20857	5139	0.3504572874100019	0	8.64%	1803.00	Col440II_1_pld1
29_R	NZ_CP142976.1	1	1797	120	1916	0.0	3241.0	100.0	35	1916	5139	0.3496789258610625	0	93.79%	1797.00	Col440II_1_pld1
29	NZ_CP145155.1	651	2548	1	1898	0.0	3424.0	100.0	37	16906	5139	0.3693325549717844	0	11.23%	1898.00	Col440II_1_pld1
29	NZ_CP145159.1	1	2548	8322	10869	0.0	4587.0	99.922	50	16903	5139	0.4958163066744502	0	15.07%	2548.00	Col440II_1_pld1
29	NZ_CP145170.1	1720	3619	1	1504	0.0	2946.0	94.657	70	3223	5139	0.7042226114029967	386	100.00%	3223.00	Col440II_1_pld1
29	NZ_CP145170.1	1	1719	1505	3223	0.0	3092.0	99.884	70	3223	5139	0.7042226114029967	0	100.00%	3223.00	Col440II_1_pld1
29	NZ_CP145186.1	1	2173	1051	3223	0.0	3910.0	99.908	42	3223	5139	0.4228449114613738	0	67.42%	2173.00	Col440II_1_pld1
29	NZ_CP145194.1	1	2173	1051	3223	0.0	3910.0	99.908	42	3223	5139	0.4228449114613738	0	67.42%	2173.00	Col440II_1_pld1
29	NZ_CP147117.1	2	2246	138	2389	0.0	3135.0	91.03	44	4018	5139	0.4368554193422845	0	56.05%	2252.00	Col440II_1_pld1
29_R	NZ_CP147670.1	2872	5138	331	2598	0.0	3284.0	92.04	44	4760	5139	0.4411364078614516	0	47.65%	2268.00	Col440II_1_pld1
29_R	NZ_CP147671.1	2865	4849	1969	3959	0.0	2969.0	93.122	39	4096	5139	0.3862619186612181	0	48.61%	1991.00	Col440II_1_pld1
29	NZ_CP156942.1	2697	4354	1355	2985	0.0	2521.0	93.998	32	10467	5139	0.3226308620354154	0	46.74%	4892.00	Col440II_1_pld1
29	NZ_CP156942.1	2697	4354	3972	5601	0.0	2406.0	92.432	32	10467	5139	0.3226308620354154	0	46.74%	4892.00	Col440II_1_pld1
29	NZ_CP156942.1	2697	4354	6588	8218	0.0	2521.0	93.998	32	10467	5139	0.3226308620354154	0	46.74%	4892.00	Col440II_1_pld1
29_R	NZ_KJ187750.1	2893	5017	7848	9971	0.0	2894.0	90.362	41	10047	5139	0.4135045728741	0	21.14%	2124.00	Col440II_1_pld1
29	NZ_KM107843.1	58	2246	1	2188	0.0	3162.0	92.108	43	4452	5139	0.4259583576571317	0	49.15%	2188.00	Col440II_1_pld1
29	NZ_KU302804.1	1	2694	530	3223	0.0	4855.0	99.963	52	3223	5139	0.5242265032107414	0	83.59%	2694.00	Col440II_1_pld1
29	NZ_KU674895.1	2700	4354	1	1628	0.0	2516.0	93.987	32	2617	5139	0.3220470908737108	0	62.21%	1628.00	Col440II_1_pld1
29	NZ_KX257264.1	2700	4317	1	1591	0.0	2449.0	93.85	31	2702	5139	0.3148472465460206	0	58.88%	1591.00	Col440II_1_pld1
29	NZ_KX257265.1	2700	4317	1	1591	0.0	2449.0	93.85	31	2702	5139	0.3148472465460206	0	58.88%	1591.00	Col440II_1_pld1
29_R	NZ_LR890190.1	1	1916	1	1916	0.0	3456.0	100.0	37	1916	5139	0.372835181942012	0	100.00%	1916.00	Col440II_1_pld1
29_R	NZ_LR890197.1	2034	5139	1	3106	0.0	5602.0	100.0	60	3223	5139	0.604397742751508	0	96.37%	3106.00	Col440II_1_pld1
29_R	NZ_LR890207.1	1872	5095	1	3223	0.0	5780.0	99.783	63	3223	5139	0.6273594084452228	0	100.00%	3223.00	Col440II_1_pld1
29_R	NZ_LR890233.1	2034	5139	1	3106	0.0	5602.0	100.0	60	3223	5139	0.604397742751508	0	96.37%	3106.00	Col440II_1_pld1
29	NZ_LR890234.1	3107	5022	1	1916	0.0	3456.0	100.0	37	1916	5139	0.372835181942012	0	100.00%	1916.00	Col440II_1_pld1
29_R	NZ_LR890347.1	1521	4521	233	3223	0.0	4936.0	96.645	58	3223	5139	0.5839657520918466	0	92.80%	2991.00	Col440II_1_pld1
29_R	NZ_LR890348.1	1	1674	243	1916	0.0	3020.0	100.0	33	1916	5139	0.3257443082311734	0	87.37%	1674.00	Col440II_1_pld1
29	NZ_LR890372.1	2034	3619	1	1190	0.0	2384.0	93.668	70	3223	5139	0.7042226114029967	386	100.00%	3223.00	Col440II_1_pld1
29	NZ_LR890372.1	1	2033	1191	3223	0.0	3667.0	100.0	70	3223	5139	0.7042226114029967	0	100.00%	3223.00	Col440II_1_pld1
29	NZ_LR890379.1	596	3619	1	3014	0.0	4977.0	96.67	59	3223	5139	0.5884413309982487	0	93.52%	3014.00	Col440II_1_pld1
29	NZ_LR890383.1	308	3539	1	3223	0.0	5378.0	97.038	63	3223	5139	0.6289161315431018	0	100.00%	3223.00	Col440II_1_pld1
29_R	NZ_LR890386.1	1521	4572	182	3223	0.0	5028.0	96.7	59	3223	5139	0.593889861840825	0	94.38%	3042.00	Col440II_1_pld1
29_R	NZ_LR890393.1	1917	5139	1	3223	0.0	5813.0	100.0	63	3223	5139	0.627164818057988	0	100.00%	3223.00	Col440II_1_pld1
29_R	NZ_LR890394.1	118	2033	1	1916	0.0	3456.0	100.0	37	1916	5139	0.372835181942012	0	100.00%	1916.00	Col440II_1_pld1
29	NZ_LR890420.1	1	2977	247	3223	0.0	5369.0	100.0	58	3223	5139	0.5792955827982098	0	92.37%	2977.00	Col440II_1_pld1
29	NZ_LR890488.1	1	3223	1	3223	0.0	5813.0	100.0	63	3223	5139	0.627164818057988	0	100.00%	3223.00	Col440II_1_pld1
29	NZ_LR890489.1	3224	5139	1	1916	0.0	3456.0	100.0	37	1916	5139	0.372835181942012	0	100.00%	1916.00	Col440II_1_pld1
29_R	NZ_LR890496.1	1977	5139	1	3163	0.0	5705.0	100.0	62	3223	5139	0.6154893948238958	0	98.14%	3163.00	Col440II_1_pld1
29	NZ_LR890499.1	3163	5078	1	1916	0.0	3456.0	100.0	37	1916	5139	0.372835181942012	0	100.00%	1916.00	Col440II_1_pld1
29	NZ_LR890567.1	1	2535	689	3223	0.0	4572.0	100.0	49	3223	5139	0.493286631640397	0	78.65%	2535.00	Col440II_1_pld1
29_R	NZ_LR890568.1	112	2027	1	1916	0.0	3456.0	100.0	37	1916	5139	0.372835181942012	0	100.00%	1916.00	Col440II_1_pld1
29_R	NZ_LR890575.1	1521	4703	51	3223	0.0	5264.0	96.836	62	3223	5139	0.6193812025685931	0	98.45%	3173.00	Col440II_1_pld1
29_R	NZ_LR890684.1	2322	5139	1	2818	0.0	5083.0	100.0	55	3223	5139	0.5483557112278653	0	87.43%	2818.00	Col440II_1_pld1
29	NZ_LR890725.1	783	3619	1	2827	0.0	4640.0	96.451	55	3223	5139	0.5520529285853278	0	87.71%	2827.00	Col440II_1_pld1
29_R	NZ_LT985246.1	2893	5138	2169	4411	0.0	3145.0	91.152	44	4772	5139	0.4370500097295193	0	47.00%	2243.00	Col440II_1_pld1
29	NZ_LT985254.1	2	2247	8399	10642	0.0	3153.0	91.196	44	15843	5139	0.4370500097295193	0	14.16%	2244.00	Col440II_1_pld1
29	NZ_MG649064.1	2	2247	2	2245	0.0	3140.0	91.063	44	4773	5139	0.4370500097295193	0	47.01%	2244.00	Col440II_1_pld1
29_R	NZ_MH594579.1	3225	5138	213	2128	0.0	2836.0	92.902	37	21079	5139	0.3724460011675423	0	9.09%	1916.00	Col440II_1_pld1
29_R	NZ_MT560069.1	1521	4390	364	3223	0.0	4690.0	96.422	56	3223	5139	0.5584744113640786	0	88.74%	2860.00	Col440II_1_pld1
29_R	NZ_OP038286.1	840	2443	1	1577	0.0	2424.0	93.797	31	2579	5139	0.3121229811247324	0	61.15%	1577.00	Col440II_1_pld1
29_R	NZ_OP242304.1	709	2443	1	1707	0.0	2621.0	93.743	34	1917	5139	0.3376143218525005	0	89.05%	1707.00	Col440II_1_pld1
29_R	NZ_OP378616.1	2893	5138	1293	3539	0.0	3241.0	92.082	44	5754	5139	0.4370500097295193	0	39.05%	2247.00	Col440II_1_pld1
29	NZ_OP927731.1	440	2275	1	1841	0.0	2824.0	94.028	36	4240	5139	0.3572679509632224	0	43.42%	1841.00	Col440II_1_pld1
29	NZ_OQ821032.1	1	2664	24931	27594	0.0	4796.0	99.925	52	57261	5139	0.5183887915936952	0	4.65%	2664.00	Col440II_1_pld1
29_R	NZ_OQ821036.1	1521	5138	6949	10563	0.0	5328.0	92.845	70	17252	5139	0.7040280210157618	0	20.95%	3615.00	Col440II_1_pld1
29_R	NZ_OQ821088.1	2894	5138	4483	6727	0.0	3275.0	92.486	44	15680	5139	0.4368554193422845	0	14.32%	2245.00	Col440II_1_pld1
29_R	NZ_OQ821199.1	1521	3604	5138	7211	0.0	3264.0	94.983	70	13234	5139	0.4055263669974703	0	15.67%	2074.00	Col440II_1_pld1
29	NZ_OR126578.1	2	2247	2273	4515	0.0	3246.0	92.078	44	4657	5139	0.4370500097295193	0	48.16%	2243.00	Col440II_1_pld1
29	NZ_OU015343.1	2	1642	2610	4251	0.0	2344.0	91.783	32	4251	5139	0.3193228254524226	0	38.63%	1642.00	Col440II_1_pld1
29_R	NZ_OV753640.1	787	2443	1	1630	0.0	2519.0	93.994	32	3539	5139	0.3224362716481805	0	46.06%	1630.00	Col440II_1_pld1
29_R	NZ_OV754004.1	787	2443	1	1630	0.0	2519.0	93.994	32	3539	5139	0.3224362716481805	0	46.06%	1630.00	Col440II_1_pld1
29	NZ_OW849113.1	1	3150	74	3223	0.0	5681.0	100.0	61	3223	5139	0.6129597197898424	0	97.74%	3150.00	Col440II_1_pld1
29	NZ_OW849161.1	878	3619	1	2732	0.0	4464.0	96.292	53	3223	5139	0.5335668417980152	0	84.77%	2732.00	Col440II_1_pld1
29_R	NZ_OW849496.1	2335	5139	1	2805	0.0	5050.0	99.929	55	3223	5139	0.545826036193812	0	87.03%	2805.00	Col440II_1_pld1
29	NZ_OX030734.1	1147	3619	1	2463	0.0	3984.0	95.931	48	3223	5139	0.4812220276318349	0	76.42%	2463.00	Col440II_1_pld1
29_R	NZ_OX291473.1	2693	5139	1	2447	0.0	4405.0	99.918	48	3223	5139	0.4761626775637284	0	75.92%	2447.00	Col440II_1_pld1
29_R	NZ_OX291479.1	1521	4044	710	3223	0.0	4075.0	96.013	49	3223	5139	0.4911461373808133	0	78.00%	2514.00	Col440II_1_pld1
29_R	NZ_OX291531.1	1521	4344	410	3223	0.0	4612.0	96.4	55	3223	5139	0.5495232535512745	0	87.31%	2814.00	Col440II_1_pld1
29_R	NZ_OX291539.1	1521	4327	427	3223	0.0	4581.0	96.378	55	3223	5139	0.5462152169682818	0	86.78%	2797.00	Col440II_1_pld1
29	NZ_OX291589.1	1	3078	146	3223	0.0	5543.0	99.935	60	3223	5139	0.5989492119089317	0	95.50%	3078.00	Col440II_1_pld1
29	NZ_OX291708.1	1722	3619	1	1502	0.0	2942.0	94.651	70	3223	5139	0.7042226114029967	386	100.00%	3223.00	Col440II_1_pld1
29	NZ_OX291708.1	1	1721	1503	3223	0.0	3095.0	99.884	70	3223	5139	0.7042226114029967	0	100.00%	3223.00	Col440II_1_pld1
29_R	NZ_OX291749.1	2710	5139	1	2430	0.0	4374.0	99.918	47	3223	5139	0.4728546409807355	0	75.40%	2430.00	Col440II_1_pld1
29_R	NZ_OX291774.1	3411	5139	1	1729	0.0	3110.0	99.884	70	3223	5139	0.7042226114029966	0	100.00%	3223.00	Col440II_1_pld1
29_R	NZ_OX291774.1	1521	3410	1344	3223	0.0	2928.0	94.629	70	3223	5139	0.7042226114029966	0	100.00%	3223.00	Col440II_1_pld1
29	NZ_OX291799.1	1	2437	787	3223	0.0	4387.0	99.918	47	3223	5139	0.4742167736913796	0	75.61%	2437.00	Col440II_1_pld1
29_R	NZ_OX461108.1	1521	4388	366	3223	0.0	4691.0	96.455	56	3223	5139	0.5580852305896089	0	88.68%	2858.00	Col440II_1_pld1
29_R	NZ_OY754387.1	3370	5138	1	1776	0.0	2430.0	90.541	34	4018	5139	0.344230395018486	0	44.20%	1776.00	Col440II_1_pld1
29	OW848979.1	878	3619	1	2732	0.0	4469.0	96.329	53	3223	5139	0.5335668417980152	0	84.77%	2732.00	Col440II_1_pld1
29	OW849009.1	1	2213	1011	3223	0.0	3992.0	100.0	43	3223	5139	0.4306285269507686	0	68.66%	2213.00	Col440II_1_pld1
29_R	OW849081.1	1521	4618	136	3223	0.0	5111.0	96.749	60	3223	5139	0.6028410196536291	0	95.81%	3088.00	Col440II_1_pld1
29_R	OW849098.1	320	2207	1	1890	0.0	3303.0	98.836	37	1917	5139	0.3673866510994357	0	98.59%	1890.00	Col440II_1_pld1
29_R	OW849106.1	1521	4615	139	3223	0.0	5105.0	96.746	60	3223	5139	0.6022572484919245	0	95.72%	3085.00	Col440II_1_pld1
29	OW849152.1	332	3563	1	3223	0.0	5378.0	97.038	63	3223	5139	0.6289161315431018	0	100.00%	3223.00	Col440II_1_pld1
29_R	OW849153.1	786	2443	790	2420	0.0	2516.0	93.938	32	2617	5139	0.3226308620354154	0	62.32%	1631.00	Col440II_1_pld1
29	OW849225.1	1	2132	1092	3223	0.0	3846.0	100.0	41	3223	5139	0.4148667055847441	0	66.15%	2132.00	Col440II_1_pld1
29_R	OW849295.1	2865	5138	1438	3719	0.0	3366.0	92.77	44	4867	5139	0.4424985405720957	0	46.89%	2282.00	Col440II_1_pld1
29_R	OW849399.1	1837	5009	52	3223	0.0	5661.0	99.59	62	3223	5139	0.6174352986962444	0	98.42%	3172.00	Col440II_1_pld1
29	OW849425.1	1	2212	1012	3223	0.0	3990.0	100.0	43	3223	5139	0.4304339365635337	0	68.63%	2212.00	Col440II_1_pld1
29	OW849434.1	1822	3619	1	1402	0.0	2762.0	94.355	70	3223	5139	0.7042226114029966	386	100.00%	3223.00	Col440II_1_pld1
29	OW849434.1	1	1821	1403	3223	0.0	3276.0	99.89	70	3223	5139	0.7042226114029966	0	100.00%	3223.00	Col440II_1_pld1
29	OW849456.1	2	2275	890	3171	0.0	3366.0	92.77	44	4867	5139	0.4424985405720957	0	46.89%	2282.00	Col440II_1_pld1
29_R	OW959935.1	2337	5139	1	2799	0.0	5032.0	99.822	55	3219	5139	0.5454368554193423	0	86.95%	2799.00	Col440II_1_pld1
29_R	OW967373.1	1521	4038	716	3223	0.0	4065.0	96.003	49	3223	5139	0.4899785950574041	0	77.82%	2508.00	Col440II_1_pld1
29	OW968089.1	2	2268	1869	4136	0.0	3279.0	91.996	44	4760	5139	0.4411364078614516	0	47.65%	2268.00	Col440II_1_pld1
29	OW968208.1	1	2594	630	3223	0.0	4679.0	100.0	50	3223	5139	0.5047674644872543	0	80.48%	2594.00	Col440II_1_pld1
29	OW968264.1	324	3555	1	3223	0.0	5378.0	97.038	63	3223	5139	0.6289161315431018	0	100.00%	3223.00	Col440II_1_pld1
29	OW968363.1	3336	5139	1	1805	0.0	3243.0	99.889	35	1917	5139	0.3510410585717065	0	94.16%	1805.00	Col440II_1_pld1
29_R	OW968421.1	2893	5138	1956	4200	0.0	3276.0	92.434	44	4550	5139	0.4370500097295193	0	49.34%	2245.00	Col440II_1_pld1
29	OW968439.1	1509	3619	1	2101	0.0	3331.0	95.236	41	3223	5139	0.4107803074528118	0	65.19%	2101.00	Col440II_1_pld1
29_R	OW969605.1	2331	5139	1	2809	0.0	5066.0	100.0	55	3223	5139	0.5466043977427515	0	87.15%	2809.00	Col440II_1_pld1
29	OW969728.1	1	2679	545	3223	0.0	4832.0	100.0	52	3223	5139	0.5213076474022184	0	83.12%	2679.00	Col440II_1_pld1
29_R	OX291615.1	2467	5139	1	2673	0.0	4821.0	100.0	52	3223	5139	0.5201401050788091	0	82.94%	2673.00	Col440II_1_pld1
29	OX291692.1	1	3029	195	3223	0.0	5463.0	100.0	59	3223	5139	0.589414282934423	0	93.98%	3029.00	Col440II_1_pld1
